# Iteration Neg_Log_Likelihood
0.000000000000000000e+00 9.249470941863500047e+04
1.000000000000000000e+00 9.255224224539802526e+04
2.000000000000000000e+00 9.249470611370282131e+04
3.000000000000000000e+00 9.249470611370280676e+04
4.000000000000000000e+00 9.249471526842638559e+04
5.000000000000000000e+00 9.249471759243145061e+04
6.000000000000000000e+00 9.249471759243145061e+04
7.000000000000000000e+00 9.234855213615804678e+04
8.000000000000000000e+00 9.249470185756601859e+04
9.000000000000000000e+00 9.249465866059852124e+04
1.000000000000000000e+01 9.249470830536464928e+04
1.100000000000000000e+01 9.249465871164195414e+04
1.200000000000000000e+01 9.249470503390303929e+04
1.300000000000000000e+01 2.585979590138356725e+05
1.400000000000000000e+01 2.585979586027487239e+05
1.500000000000000000e+01 2.585979590389108926e+05
1.600000000000000000e+01 2.585979590389109217e+05
1.700000000000000000e+01 2.585979682952402509e+05
1.800000000000000000e+01 2.585979590303186851e+05
1.900000000000000000e+01 2.585979590303186851e+05
2.000000000000000000e+01 2.585979698791259143e+05
2.100000000000000000e+01 2.585979589992852707e+05
2.200000000000000000e+01 2.585979590646774159e+05
2.300000000000000000e+01 2.585979590157213970e+05
2.400000000000000000e+01 2.585979590489107068e+05
2.500000000000000000e+01 2.585979590189206938e+05
2.600000000000000000e+01 9.438108025527748396e+04
2.700000000000000000e+01 9.438107981881318847e+04
2.800000000000000000e+01 9.438108028700012073e+04
2.900000000000000000e+01 9.438108028700012073e+04
3.000000000000000000e+01 9.438108045443576702e+04
3.100000000000000000e+01 9.438108026213142148e+04
3.200000000000000000e+01 9.438108026213140693e+04
3.300000000000000000e+01 9.438108093276640284e+04
3.400000000000000000e+01 9.438108019415657327e+04
3.500000000000000000e+01 9.438108047042046383e+04
3.600000000000000000e+01 9.438108026354445610e+04
3.700000000000000000e+01 9.438108044028127915e+04
3.800000000000000000e+01 9.438108027362843859e+04
3.900000000000000000e+01 8.058385809356039681e+04
4.000000000000000000e+01 8.058385773168865126e+04
4.100000000000000000e+01 8.058385812926945800e+04
4.200000000000000000e+01 8.058385812926945800e+04
4.300000000000000000e+01 8.058385806085741206e+04
4.400000000000000000e+01 8.058385810126888100e+04
4.500000000000000000e+01 8.058385810126886645e+04
4.600000000000000000e+01 8.058385843167542771e+04
4.700000000000000000e+01 8.058385800504063081e+04
4.800000000000000000e+01 8.058385840486096276e+04
4.900000000000000000e+01 8.058385810571286129e+04
5.000000000000000000e+01 8.058385837860355969e+04
5.100000000000000000e+01 8.058385811892068887e+04
5.200000000000000000e+01 7.798343883058727079e+04
5.300000000000000000e+01 7.798343874932511244e+04
5.400000000000000000e+01 7.798343886791946716e+04
5.500000000000000000e+01 7.798343886791946716e+04
5.600000000000000000e+01 7.798343892394125578e+04
5.700000000000000000e+01 7.798343883878068300e+04
5.800000000000000000e+01 7.798343883878066845e+04
5.900000000000000000e+01 7.798343900582431525e+04
6.000000000000000000e+01 7.798343872925182222e+04
6.100000000000000000e+01 7.798343917965664878e+04
6.200000000000000000e+01 7.798343884439478279e+04
6.300000000000000000e+01 7.798343915694685711e+04
6.400000000000000000e+01 7.798343885879220034e+04
6.500000000000000000e+01 7.796344211807139800e+04
6.600000000000000000e+01 7.796344291799579514e+04
6.700000000000000000e+01 7.796344215578540752e+04
6.800000000000000000e+01 7.796344215578537842e+04
6.900000000000000000e+01 7.796344283995500882e+04
7.000000000000000000e+01 7.796344212665782834e+04
7.100000000000000000e+01 7.796344212665782834e+04
7.200000000000000000e+01 7.796344203788536834e+04
7.300000000000000000e+01 7.796344200757124054e+04
7.400000000000000000e+01 7.796344247136352351e+04
7.500000000000000000e+01 7.796344213246266008e+04
7.600000000000000000e+01 7.796344245162146399e+04
7.700000000000000000e+01 7.796344214720241143e+04
7.800000000000000000e+01 7.871214775504515273e+04
7.900000000000000000e+01 7.871215147214103490e+04
8.000000000000000000e+01 7.871214779220058699e+04
8.100000000000000000e+01 7.871214779220058699e+04
8.200000000000000000e+01 7.871215070393343922e+04
8.300000000000000000e+01 7.871214776448631892e+04
8.400000000000000000e+01 7.871214776448631892e+04
8.500000000000000000e+01 7.871214698305453931e+04
8.600000000000000000e+01 7.871214762618350505e+04
8.700000000000000000e+01 7.871214807800432027e+04
8.800000000000000000e+01 7.871214776956941932e+04
8.900000000000000000e+01 7.871214806427116855e+04
9.000000000000000000e+01 7.871214778417648631e+04
9.100000000000000000e+01 7.980619927936489694e+04
9.200000000000000000e+01 7.980621569222098333e+04
9.300000000000000000e+01 7.980619931336845912e+04
9.400000000000000000e+01 7.980619931336847367e+04
9.500000000000000000e+01 7.980621287734094949e+04
9.600000000000000000e+01 7.980619929240952479e+04
9.700000000000000000e+01 7.980619929240952479e+04
9.800000000000000000e+01 7.980619645676782238e+04
9.900000000000000000e+01 7.980619907728348335e+04
1.000000000000000000e+02 7.980619945144640224e+04
1.010000000000000000e+02 7.980619929363523261e+04
1.020000000000000000e+02 7.980619946027424885e+04
1.030000000000000000e+02 7.980619930721829587e+04
1.040000000000000000e+02 8.850689505270325753e+04
1.050000000000000000e+02 8.850690399678300309e+04
1.060000000000000000e+02 8.850689508775415015e+04
1.070000000000000000e+02 8.850689508775416471e+04
1.080000000000000000e+02 8.850689503801290994e+04
1.090000000000000000e+02 8.850689506271062419e+04
1.100000000000000000e+02 8.850689506271062419e+04
1.110000000000000000e+02 8.850688609148393152e+04
1.120000000000000000e+02 8.850689489571719605e+04
1.130000000000000000e+02 8.850689530718718015e+04
1.140000000000000000e+02 8.850689506719152268e+04
1.150000000000000000e+02 8.850689531568212260e+04
1.160000000000000000e+02 8.850689508027056581e+04
1.170000000000000000e+02 8.909235799622038030e+04
1.180000000000000000e+02 8.909238522454128542e+04
1.190000000000000000e+02 8.909235802472554496e+04
1.200000000000000000e+02 8.909235802472554496e+04
1.210000000000000000e+02 8.909235798301344039e+04
1.220000000000000000e+02 8.909235800954687875e+04
1.230000000000000000e+02 8.909235800954687875e+04
1.240000000000000000e+02 8.909233074981220125e+04
1.250000000000000000e+02 8.909235774354339810e+04
1.260000000000000000e+02 8.909235801022872329e+04
1.270000000000000000e+02 8.909235801024439570e+04
1.280000000000000000e+02 8.909235807834628213e+04
1.290000000000000000e+02 8.909235801939839439e+04
1.300000000000000000e+02 8.909221486817846016e+04
1.310000000000000000e+02 8.909224208920157980e+04
1.320000000000000000e+02 8.909221489668631693e+04
1.330000000000000000e+02 8.909221489668633149e+04
1.340000000000000000e+02 8.909221485497070535e+04
1.350000000000000000e+02 8.909221488150369260e+04
1.360000000000000000e+02 8.909221488150367804e+04
1.370000000000000000e+02 8.909218762906899792e+04
1.380000000000000000e+02 8.909221461553845438e+04
1.390000000000000000e+02 8.909221488228130329e+04
1.400000000000000000e+02 8.909221488220087485e+04
1.410000000000000000e+02 8.909221495037749992e+04
1.420000000000000000e+02 8.909221489135891898e+04
1.430000000000000000e+02 8.909164273924496956e+04
1.440000000000000000e+02 8.909166993111555348e+04
1.450000000000000000e+02 8.909164276776330371e+04
1.460000000000000000e+02 8.909164276776330371e+04
1.470000000000000000e+02 8.909164272603296558e+04
1.480000000000000000e+02 8.909164275256493420e+04
1.490000000000000000e+02 8.909164275256491965e+04
1.500000000000000000e+02 8.909161552929038589e+04
1.510000000000000000e+02 8.909164248675246199e+04
1.520000000000000000e+02 8.909164275372889824e+04
1.530000000000000000e+02 8.909164275326866482e+04
1.540000000000000000e+02 8.909164282173161337e+04
1.550000000000000000e+02 8.909164276243293716e+04
1.560000000000000000e+02 8.908936033252473862e+04
1.570000000000000000e+02 8.908938740840191895e+04
1.580000000000000000e+02 8.908936036108445842e+04
1.590000000000000000e+02 8.908936036108447297e+04
1.600000000000000000e+02 8.908936031929701858e+04
1.610000000000000000e+02 8.908936034582376305e+04
1.620000000000000000e+02 8.908936034582376305e+04
1.630000000000000000e+02 8.908933323857407959e+04
1.640000000000000000e+02 8.908936008062005567e+04
1.650000000000000000e+02 8.908936034853088495e+04
1.660000000000000000e+02 8.908936034655092226e+04
1.670000000000000000e+02 8.908936041615782597e+04
1.680000000000000000e+02 8.908936035573879781e+04
1.690000000000000000e+02 8.908032702119988971e+04
1.700000000000000000e+02 8.908035364274377935e+04
1.710000000000000000e+02 8.908032704992206709e+04
1.720000000000000000e+02 8.908032704992206709e+04
1.730000000000000000e+02 8.908032700790977105e+04
1.740000000000000000e+02 8.908032703441655030e+04
1.750000000000000000e+02 8.908032703441655030e+04
1.760000000000000000e+02 8.908030038162403798e+04
1.770000000000000000e+02 8.908032677159828017e+04
1.780000000000000000e+02 8.908032704316696618e+04
1.790000000000000000e+02 8.908032703524029057e+04
1.800000000000000000e+02 8.908032710932783084e+04
1.810000000000000000e+02 8.908032704452253529e+04
1.820000000000000000e+02 8.904564915295751416e+04
1.830000000000000000e+02 8.904567409879810293e+04
1.840000000000000000e+02 8.904564918227885209e+04
1.850000000000000000e+02 8.904564918227885209e+04
1.860000000000000000e+02 8.904564913943805732e+04
1.870000000000000000e+02 8.904564916587031621e+04
1.880000000000000000e+02 8.904564916587033076e+04
1.890000000000000000e+02 8.904562418924381200e+04
1.900000000000000000e+02 8.904564891187408648e+04
1.910000000000000000e+02 8.904564919691055547e+04
1.920000000000000000e+02 8.904564916703863128e+04
1.930000000000000000e+02 8.904564925766698434e+04
1.940000000000000000e+02 8.904564917668391718e+04
1.950000000000000000e+02 8.892588913084818341e+04
1.960000000000000000e+02 8.892590904625598341e+04
1.970000000000000000e+02 8.892588916197133949e+04
1.980000000000000000e+02 8.892588916197133949e+04
1.990000000000000000e+02 8.892588911664979241e+04
2.000000000000000000e+02 8.892588914284866769e+04
2.010000000000000000e+02 8.892588914284865314e+04
2.020000000000000000e+02 8.892586919811538246e+04
2.030000000000000000e+02 8.892588891556965245e+04
2.040000000000000000e+02 8.892588924091795343e+04
2.050000000000000000e+02 8.892588914505974390e+04
2.060000000000000000e+02 8.892588928540775669e+04
2.070000000000000000e+02 8.892588915578240994e+04
2.080000000000000000e+02 8.863408249235931726e+04
2.090000000000000000e+02 8.863409393010205531e+04
2.100000000000000000e+02 8.863408252659314894e+04
2.110000000000000000e+02 8.863408252659316349e+04
2.120000000000000000e+02 8.863408247708475392e+04
2.130000000000000000e+02 8.863408250277566549e+04
2.140000000000000000e+02 8.863408250277565094e+04
2.150000000000000000e+02 8.863407103848041152e+04
2.160000000000000000e+02 8.863408232113413396e+04
2.170000000000000000e+02 8.863408271686863736e+04
2.180000000000000000e+02 8.863408250678623153e+04
2.190000000000000000e+02 8.863408273307805939e+04
2.200000000000000000e+02 8.863408251935063163e+04
2.210000000000000000e+02 8.063562256622228597e+04
2.220000000000000000e+02 8.063566380408944678e+04
2.230000000000000000e+02 8.063562259495886974e+04
2.240000000000000000e+02 8.063562259495885519e+04
2.250000000000000000e+02 8.063565659256280924e+04
2.260000000000000000e+02 8.063562258534708235e+04
2.270000000000000000e+02 8.063562258534709690e+04
2.280000000000000000e+02 8.063561535626085242e+04
2.290000000000000000e+02 8.063562221947485523e+04
2.300000000000000000e+02 8.063562248559169529e+04
2.310000000000000000e+02 8.063562257991771912e+04
2.320000000000000000e+02 8.063562253251175571e+04
2.330000000000000000e+02 8.063562259147434088e+04
2.340000000000000000e+02 7.948891794290885446e+04
2.350000000000000000e+02 7.948892692190340313e+04
2.360000000000000000e+02 7.948891797960222175e+04
2.370000000000000000e+02 7.948891797960223630e+04
2.380000000000000000e+02 7.948892411896929843e+04
2.390000000000000000e+02 7.948891795297982753e+04
2.400000000000000000e+02 7.948891795297984208e+04
2.410000000000000000e+02 7.948891514504622319e+04
2.420000000000000000e+02 7.948891777635649487e+04
2.430000000000000000e+02 7.948891824365101638e+04
2.440000000000000000e+02 7.948891795739636291e+04
2.450000000000000000e+02 7.948891823443231988e+04
2.460000000000000000e+02 7.948891797155744280e+04
2.470000000000000000e+02 7.846739239248410740e+04
2.480000000000000000e+02 7.846739446771441726e+04
2.490000000000000000e+02 7.846739243083760084e+04
2.500000000000000000e+02 7.846739243083760084e+04
2.510000000000000000e+02 7.846739348154413165e+04
2.520000000000000000e+02 7.846739240081264870e+04
2.530000000000000000e+02 7.846739240081264870e+04
2.540000000000000000e+02 7.846739141065240256e+04
2.550000000000000000e+02 7.846739227246702649e+04
2.560000000000000000e+02 7.846739277083046909e+04
2.570000000000000000e+02 7.846739240707144199e+04
2.580000000000000000e+02 7.846739274716720684e+04
2.590000000000000000e+02 7.846739242186766933e+04
2.600000000000000000e+02 7.831159069701301632e+04
2.610000000000000000e+02 7.831159230648074299e+04
2.620000000000000000e+02 7.831159073590695334e+04
2.630000000000000000e+02 7.831159073590695334e+04
2.640000000000000000e+02 7.831159152351673401e+04
2.650000000000000000e+02 7.831159070493768377e+04
2.660000000000000000e+02 7.831159070493766922e+04
2.670000000000000000e+02 7.831158991820985102e+04
2.680000000000000000e+02 7.831159058170358185e+04
2.690000000000000000e+02 7.831159110004882677e+04
2.700000000000000000e+02 7.831159071160698659e+04
2.710000000000000000e+02 7.831159106989960128e+04
2.720000000000000000e+02 7.831159072652534815e+04
2.730000000000000000e+02 7.788428075428487500e+04
2.740000000000000000e+02 7.788428147411864484e+04
2.750000000000000000e+02 7.788428079505707137e+04
2.760000000000000000e+02 7.788428079505707137e+04
2.770000000000000000e+02 7.788428110419239965e+04
2.780000000000000000e+02 7.788428076104696083e+04
2.790000000000000000e+02 7.788428076104696083e+04
2.800000000000000000e+02 7.788428038761416974e+04
2.810000000000000000e+02 7.788428066415386274e+04
2.820000000000000000e+02 7.788428124955548265e+04
2.830000000000000000e+02 7.788428076892637182e+04
2.840000000000000000e+02 7.788428119072399568e+04
2.850000000000000000e+02 7.788428078428850858e+04
2.860000000000000000e+02 7.745635658445142326e+04
2.870000000000000000e+02 7.745635680489966762e+04
2.880000000000000000e+02 7.745635662504230277e+04
2.890000000000000000e+02 7.745635662504230277e+04
2.900000000000000000e+02 7.745635667925945017e+04
2.910000000000000000e+02 7.745635659221021342e+04
2.920000000000000000e+02 7.745635659221021342e+04
2.930000000000000000e+02 7.745635646040397114e+04
2.940000000000000000e+02 7.745635654589082696e+04
2.950000000000000000e+02 7.745635709807291278e+04
2.960000000000000000e+02 7.745635659920368926e+04
2.970000000000000000e+02 7.745635702907652012e+04
2.980000000000000000e+02 7.745635661488231563e+04
2.990000000000000000e+02 7.693972350116765301e+04
3.000000000000000000e+02 7.693972333983516728e+04
3.010000000000000000e+02 7.693972353299602401e+04
3.020000000000000000e+02 7.693972353299602401e+04
3.030000000000000000e+02 7.693972340778546641e+04
3.040000000000000000e+02 7.693972351761480968e+04
3.050000000000000000e+02 7.693972351761480968e+04
3.060000000000000000e+02 7.693972356736879738e+04
3.070000000000000000e+02 7.693972354415299196e+04
3.080000000000000000e+02 7.693972372330666985e+04
3.090000000000000000e+02 7.693972351618866378e+04
3.100000000000000000e+02 7.693972372366205673e+04
3.110000000000000000e+02 7.693972353128236136e+04
3.120000000000000000e+02 7.684491005549808324e+04
3.130000000000000000e+02 7.684490984314918751e+04
3.140000000000000000e+02 7.684491008248161233e+04
3.150000000000000000e+02 7.684491008248161233e+04
3.160000000000000000e+02 7.684490993717579113e+04
3.170000000000000000e+02 7.684491007538436679e+04
3.180000000000000000e+02 7.684491007538436679e+04
3.190000000000000000e+02 7.684491014709009323e+04
3.200000000000000000e+02 7.684491000964742852e+04
3.210000000000000000e+02 7.684491013743508665e+04
3.220000000000000000e+02 7.684491007068711042e+04
3.230000000000000000e+02 7.684491014504837221e+04
3.240000000000000000e+02 7.684491008464468177e+04
3.250000000000000000e+02 7.678377297431934858e+04
3.260000000000000000e+02 7.678377275809389539e+04
3.270000000000000000e+02 7.678377299789273820e+04
3.280000000000000000e+02 7.678377299789269455e+04
3.290000000000000000e+02 7.678377285278133058e+04
3.300000000000000000e+02 7.678377299542944820e+04
3.310000000000000000e+02 7.678377299542944820e+04
3.320000000000000000e+02 7.678377306675685395e+04
3.330000000000000000e+02 7.678377305132633774e+04
3.340000000000000000e+02 7.678377297820661624e+04
3.350000000000000000e+02 7.678377298954181606e+04
3.360000000000000000e+02 7.678377297646988882e+04
3.370000000000000000e+02 7.678377300202034530e+04
3.380000000000000000e+02 7.668015969067033438e+04
3.390000000000000000e+02 7.668015952685290540e+04
3.400000000000000000e+02 7.668015970967039175e+04
3.410000000000000000e+02 7.668015970967039175e+04
3.420000000000000000e+02 7.668015959049333469e+04
3.430000000000000000e+02 7.668015971097571310e+04
3.440000000000000000e+02 7.668015971097571310e+04
3.450000000000000000e+02 7.668015975318674464e+04
3.460000000000000000e+02 7.668015970759167976e+04
3.470000000000000000e+02 7.668015961781032092e+04
3.480000000000000000e+02 7.668015970599297725e+04
3.490000000000000000e+02 7.668015959770652989e+04
3.500000000000000000e+02 7.668015971523697954e+04
3.510000000000000000e+02 7.663389854611940973e+04
3.520000000000000000e+02 7.663389874461795262e+04
3.530000000000000000e+02 7.663389856383390725e+04
3.540000000000000000e+02 7.663389856383390725e+04
3.550000000000000000e+02 7.663389862098555022e+04
3.560000000000000000e+02 7.663389855855678616e+04
3.570000000000000000e+02 7.663389855855678616e+04
3.580000000000000000e+02 7.663389842301247700e+04
3.590000000000000000e+02 7.663389858719274343e+04
3.600000000000000000e+02 7.663389848707636702e+04
3.610000000000000000e+02 7.663389856080652680e+04
3.620000000000000000e+02 7.663389849608503573e+04
3.630000000000000000e+02 7.663389856742702250e+04
3.640000000000000000e+02 7.661904397901010816e+04
3.650000000000000000e+02 7.661904391848396335e+04
3.660000000000000000e+02 7.661904399664643279e+04
3.670000000000000000e+02 7.661904399664644734e+04
3.680000000000000000e+02 7.661904392538234242e+04
3.690000000000000000e+02 7.661904399642406497e+04
3.700000000000000000e+02 7.661904399642405042e+04
3.710000000000000000e+02 7.661904398576707172e+04
3.720000000000000000e+02 7.661904401695652632e+04
3.730000000000000000e+02 7.661904390653817973e+04
3.740000000000000000e+02 7.661904399414033105e+04
3.750000000000000000e+02 7.661904389609124337e+04
3.760000000000000000e+02 7.661904400141697261e+04
3.770000000000000000e+02 7.660112539948712219e+04
3.780000000000000000e+02 7.660112550412271230e+04
3.790000000000000000e+02 7.660112541758062434e+04
3.800000000000000000e+02 7.660112541758062434e+04
3.810000000000000000e+02 7.660112543437450950e+04
3.820000000000000000e+02 7.660112541189184412e+04
3.830000000000000000e+02 7.660112541189184412e+04
3.840000000000000000e+02 7.660112533025431912e+04
3.850000000000000000e+02 7.660112537654289918e+04
3.860000000000000000e+02 7.660112538597224921e+04
3.870000000000000000e+02 7.660112541401507042e+04
3.880000000000000000e+02 7.660112539086649485e+04
3.890000000000000000e+02 7.660112541996863729e+04
3.900000000000000000e+02 7.659207455722033046e+04
3.910000000000000000e+02 7.659207458509816206e+04
3.920000000000000000e+02 7.659207457532566332e+04
3.930000000000000000e+02 7.659207457532567787e+04
3.940000000000000000e+02 7.659207455852402200e+04
3.950000000000000000e+02 7.659207457045154297e+04
3.960000000000000000e+02 7.659207457045154297e+04
3.970000000000000000e+02 7.659207453098343103e+04
3.980000000000000000e+02 7.659207455086149275e+04
3.990000000000000000e+02 7.659207455521447991e+04
4.000000000000000000e+02 7.659207457171422720e+04
4.010000000000000000e+02 7.659207455787299841e+04
4.020000000000000000e+02 7.659207457751524635e+04
4.030000000000000000e+02 7.658575531285397301e+04
4.040000000000000000e+02 7.658575533374448423e+04
4.050000000000000000e+02 7.658575533002497104e+04
4.060000000000000000e+02 7.658575533002495649e+04
4.070000000000000000e+02 7.658575531991587195e+04
4.080000000000000000e+02 7.658575532516332169e+04
4.090000000000000000e+02 7.658575532516332169e+04
4.100000000000000000e+02 7.658575529935334635e+04
4.110000000000000000e+02 7.658575531075464096e+04
4.120000000000000000e+02 7.658575531742139719e+04
4.130000000000000000e+02 7.658575532711147389e+04
4.140000000000000000e+02 7.658575532145707984e+04
4.150000000000000000e+02 7.658575533187137626e+04
4.160000000000000000e+02 7.655722761281227577e+04
4.170000000000000000e+02 7.655722760611624108e+04
4.180000000000000000e+02 7.655722762217580748e+04
4.190000000000000000e+02 7.655722762217580748e+04
4.200000000000000000e+02 7.655722762922746188e+04
4.210000000000000000e+02 7.655722761833826371e+04
4.220000000000000000e+02 7.655722761833823461e+04
4.230000000000000000e+02 7.655722763615752046e+04
4.240000000000000000e+02 7.655722761550016003e+04
4.250000000000000000e+02 7.655722763323481195e+04
4.260000000000000000e+02 7.655722762540061376e+04
4.270000000000000000e+02 7.655722763240098720e+04
4.280000000000000000e+02 7.655722762213643000e+04
4.290000000000000000e+02 7.654302506082995387e+04
4.300000000000000000e+02 7.654302502825275587e+04
4.310000000000000000e+02 7.654302506233334134e+04
4.320000000000000000e+02 7.654302506233335589e+04
4.330000000000000000e+02 7.654302504968283756e+04
4.340000000000000000e+02 7.654302506072678079e+04
4.350000000000000000e+02 7.654302506072678079e+04
4.360000000000000000e+02 7.654302508222182223e+04
4.370000000000000000e+02 7.654302507366248756e+04
4.380000000000000000e+02 7.654302506946241192e+04
4.390000000000000000e+02 7.654302507190608594e+04
4.400000000000000000e+02 7.654302508207153005e+04
4.410000000000000000e+02 7.654302506101381732e+04
4.420000000000000000e+02 7.653966045225772541e+04
4.430000000000000000e+02 7.653966044071932265e+04
4.440000000000000000e+02 7.653966045032504189e+04
4.450000000000000000e+02 7.653966045032502734e+04
4.460000000000000000e+02 7.653966045594017487e+04
4.470000000000000000e+02 7.653966044855755172e+04
4.480000000000000000e+02 7.653966044855755172e+04
4.490000000000000000e+02 7.653966046749049565e+04
4.500000000000000000e+02 7.653966044771693123e+04
4.510000000000000000e+02 7.653966047073721711e+04
4.520000000000000000e+02 7.653966046241461299e+04
4.530000000000000000e+02 7.653966042719420511e+04
4.540000000000000000e+02 7.653966044902666181e+04
4.550000000000000000e+02 7.653727268117498897e+04
4.560000000000000000e+02 7.653727267923069303e+04
4.570000000000000000e+02 7.653727267883230525e+04
4.580000000000000000e+02 7.653727267883233435e+04
4.590000000000000000e+02 7.653727268321768497e+04
4.600000000000000000e+02 7.653727267808446777e+04
4.610000000000000000e+02 7.653727267808446777e+04
4.620000000000000000e+02 7.653727268514668685e+04
4.630000000000000000e+02 7.653727268173250195e+04
4.640000000000000000e+02 7.653727267741139804e+04
4.650000000000000000e+02 7.653727269134177186e+04
4.660000000000000000e+02 7.653727267645204847e+04
4.670000000000000000e+02 7.653727267798210960e+04
4.680000000000000000e+02 7.653641491432480689e+04
4.690000000000000000e+02 7.653641491980302089e+04
4.700000000000000000e+02 7.653641491243294149e+04
4.710000000000000000e+02 7.653641491243292694e+04
4.720000000000000000e+02 7.653641491499338008e+04
4.730000000000000000e+02 7.653641491164106992e+04
4.740000000000000000e+02 7.653641491164108447e+04
4.750000000000000000e+02 7.653641490953770699e+04
4.760000000000000000e+02 7.653641491438596859e+04
4.770000000000000000e+02 7.653641490987566067e+04
4.780000000000000000e+02 7.653641492437844863e+04
4.790000000000000000e+02 7.653641491488897009e+04
4.800000000000000000e+02 7.653641491176016279e+04
4.810000000000000000e+02 7.653485824223556847e+04
4.820000000000000000e+02 7.653485825673936051e+04
4.830000000000000000e+02 7.653485824092035182e+04
4.840000000000000000e+02 7.653485824092035182e+04
4.850000000000000000e+02 7.653485824124273495e+04
4.860000000000000000e+02 7.653485824019961001e+04
4.870000000000000000e+02 7.653485824019961001e+04
4.880000000000000000e+02 7.653485822679870762e+04
4.890000000000000000e+02 7.653485823807305133e+04
4.900000000000000000e+02 7.653485823799455829e+04
4.910000000000000000e+02 7.653485825186333386e+04
4.920000000000000000e+02 7.653485824712221802e+04
4.930000000000000000e+02 7.653485824059565493e+04
4.940000000000000000e+02 7.653126153910472931e+04
4.950000000000000000e+02 7.653126156587179867e+04
4.960000000000000000e+02 7.653126153857290046e+04
4.970000000000000000e+02 7.653126153857290046e+04
4.980000000000000000e+02 7.653126153589654132e+04
4.990000000000000000e+02 7.653126153840514598e+04
5.000000000000000000e+02 7.653126153840511688e+04
5.010000000000000000e+02 7.653126150921422231e+04
5.020000000000000000e+02 7.653126153969437291e+04
5.030000000000000000e+02 7.653126153625879670e+04
5.040000000000000000e+02 7.653126154736921308e+04
5.050000000000000000e+02 7.653126154838575167e+04
5.060000000000000000e+02 7.653126153906050604e+04
5.070000000000000000e+02 7.652638767258188454e+04
5.080000000000000000e+02 7.652638769985196996e+04
5.090000000000000000e+02 7.652638767274566635e+04
5.100000000000000000e+02 7.652638767274566635e+04
5.110000000000000000e+02 7.652638766462380590e+04
5.120000000000000000e+02 7.652638767468888545e+04
5.130000000000000000e+02 7.652638767468890001e+04
5.140000000000000000e+02 7.652638763737247791e+04
5.150000000000000000e+02 7.652638761630353110e+04
5.160000000000000000e+02 7.652638766305895115e+04
5.170000000000000000e+02 7.652638767777846078e+04
5.180000000000000000e+02 7.652638768802664708e+04
5.190000000000000000e+02 7.652638767488911981e+04
5.200000000000000000e+02 7.652087592308559397e+04
5.210000000000000000e+02 7.652087594764008827e+04
5.220000000000000000e+02 7.652087592280794343e+04
5.230000000000000000e+02 7.652087592280791432e+04
5.240000000000000000e+02 7.652087591627996881e+04
5.250000000000000000e+02 7.652087592659569054e+04
5.260000000000000000e+02 7.652087592659569054e+04
5.270000000000000000e+02 7.652087589166239195e+04
5.280000000000000000e+02 7.652087593428746914e+04
5.290000000000000000e+02 7.652087592359796690e+04
5.300000000000000000e+02 7.652087592447119823e+04
5.310000000000000000e+02 7.652087592957747984e+04
5.320000000000000000e+02 7.652087592626889818e+04
5.330000000000000000e+02 7.651848901993814798e+04
5.340000000000000000e+02 7.651848903242243978e+04
5.350000000000000000e+02 7.651848901844320062e+04
5.360000000000000000e+02 7.651848901844318607e+04
5.370000000000000000e+02 7.651848901957247290e+04
5.380000000000000000e+02 7.651848902252796688e+04
5.390000000000000000e+02 7.651848902252793778e+04
5.400000000000000000e+02 7.651848900692425377e+04
5.410000000000000000e+02 7.651848902280507900e+04
5.420000000000000000e+02 7.651848902181618905e+04
5.430000000000000000e+02 7.651848902067824383e+04
5.440000000000000000e+02 7.651848902441156679e+04
5.450000000000000000e+02 7.651848902161925798e+04
5.460000000000000000e+02 7.651796227739041205e+04
5.470000000000000000e+02 7.651796227198363340e+04
5.480000000000000000e+02 7.651796227519509557e+04
5.490000000000000000e+02 7.651796227519509557e+04
5.500000000000000000e+02 7.651796227290919342e+04
5.510000000000000000e+02 7.651796227967618324e+04
5.520000000000000000e+02 7.651796227967618324e+04
5.530000000000000000e+02 7.651796227804117370e+04
5.540000000000000000e+02 7.651796227949058812e+04
5.550000000000000000e+02 7.651796227251864912e+04
5.560000000000000000e+02 7.651796227810787968e+04
5.570000000000000000e+02 7.651796227344337967e+04
5.580000000000000000e+02 7.651796227830312273e+04
5.590000000000000000e+02 7.651786065602154122e+04
5.600000000000000000e+02 7.651786065537756076e+04
5.610000000000000000e+02 7.651786065376710030e+04
5.620000000000000000e+02 7.651786065376707120e+04
5.630000000000000000e+02 7.651786065679538297e+04
5.640000000000000000e+02 7.651786065786228573e+04
5.650000000000000000e+02 7.651786065786227118e+04
5.660000000000000000e+02 7.651786065719391627e+04
5.670000000000000000e+02 7.651786065494573268e+04
5.680000000000000000e+02 7.651786065713183780e+04
5.690000000000000000e+02 7.651786065642855829e+04
5.700000000000000000e+02 7.651786065534586669e+04
5.710000000000000000e+02 7.651786065662460169e+04
5.720000000000000000e+02 7.651781579479086213e+04
5.730000000000000000e+02 7.651781579436197353e+04
5.740000000000000000e+02 7.651781579261510342e+04
5.750000000000000000e+02 7.651781579261508887e+04
5.760000000000000000e+02 7.651781579577870434e+04
5.770000000000000000e+02 7.651781579656872782e+04
5.780000000000000000e+02 7.651781579656868416e+04
5.790000000000000000e+02 7.651781579597199743e+04
5.800000000000000000e+02 7.651781579417089233e+04
5.810000000000000000e+02 7.651781579615303781e+04
5.820000000000000000e+02 7.651781579520279774e+04
5.830000000000000000e+02 7.651781579505263653e+04
5.840000000000000000e+02 7.651781579538722872e+04
5.850000000000000000e+02 7.651767598793997604e+04
5.860000000000000000e+02 7.651767598837811965e+04
5.870000000000000000e+02 7.651767598607986292e+04
5.880000000000000000e+02 7.651767598607989203e+04
5.890000000000000000e+02 7.651767598979032482e+04
5.900000000000000000e+02 7.651767598946650105e+04
5.910000000000000000e+02 7.651767598946648650e+04
5.920000000000000000e+02 7.651767598915449344e+04
5.930000000000000000e+02 7.651767598915596318e+04
5.940000000000000000e+02 7.651767599031001737e+04
5.950000000000000000e+02 7.651767598837333207e+04
5.960000000000000000e+02 7.651767599195413641e+04
5.970000000000000000e+02 7.651767598851135699e+04
5.980000000000000000e+02 7.651726959579420509e+04
5.990000000000000000e+02 7.651726959816915041e+04
6.000000000000000000e+02 7.651726959503258695e+04
6.010000000000000000e+02 7.651726959503257240e+04
6.020000000000000000e+02 7.651726959968649317e+04
6.030000000000000000e+02 7.651726959660090506e+04
6.040000000000000000e+02 7.651726959660089051e+04
6.050000000000000000e+02 7.651726959723237087e+04
6.060000000000000000e+02 7.651726959827433166e+04
6.070000000000000000e+02 7.651726959798311873e+04
6.080000000000000000e+02 7.651726959616913518e+04
6.090000000000000000e+02 7.651726960226355004e+04
6.100000000000000000e+02 7.651726959659038403e+04
6.110000000000000000e+02 7.651743759995873552e+04
6.120000000000000000e+02 7.651743759759586828e+04
6.130000000000000000e+02 7.651743760069459677e+04
6.140000000000000000e+02 7.651743760069459677e+04
6.150000000000000000e+02 7.651743759508912626e+04
6.160000000000000000e+02 7.651743759924822371e+04
6.170000000000000000e+02 7.651743759924820915e+04
6.180000000000000000e+02 7.651743759752534970e+04
6.190000000000000000e+02 7.651743759843167209e+04
6.200000000000000000e+02 7.651743761777202599e+04
6.210000000000000000e+02 7.651743759970813699e+04
6.220000000000000000e+02 7.651743759694942855e+04
6.230000000000000000e+02 7.651743760081785149e+04
6.240000000000000000e+02 7.651714119944766571e+04
6.250000000000000000e+02 7.651714119982796547e+04
6.260000000000000000e+02 7.651714119928034779e+04
6.270000000000000000e+02 7.651714119928033324e+04
6.280000000000000000e+02 7.651714119977031078e+04
6.290000000000000000e+02 7.651714119965421560e+04
6.300000000000000000e+02 7.651714119965420105e+04
6.310000000000000000e+02 7.651714119937110809e+04
6.320000000000000000e+02 7.651714120034142979e+04
6.330000000000000000e+02 7.651714120782323880e+04
6.340000000000000000e+02 7.651714119957642106e+04
6.350000000000000000e+02 7.651714120213651040e+04
6.360000000000000000e+02 7.651714120026711316e+04
6.370000000000000000e+02 7.651700144652587187e+04
6.380000000000000000e+02 7.651700144745034049e+04
6.390000000000000000e+02 7.651700144674669718e+04
6.400000000000000000e+02 7.651700144674669718e+04
6.410000000000000000e+02 7.651700144797311805e+04
6.420000000000000000e+02 7.651700144641220686e+04
6.430000000000000000e+02 7.651700144641216320e+04
6.440000000000000000e+02 7.651700144707152504e+04
6.450000000000000000e+02 7.651700144711542816e+04
6.460000000000000000e+02 7.651700144808736513e+04
6.470000000000000000e+02 7.651700144661396916e+04
6.480000000000000000e+02 7.651700144662665843e+04
6.490000000000000000e+02 7.651700144747666491e+04
6.500000000000000000e+02 7.651698290846556483e+04
6.510000000000000000e+02 7.651698290814975917e+04
6.520000000000000000e+02 7.651698290856201493e+04
6.530000000000000000e+02 7.651698290856200038e+04
6.540000000000000000e+02 7.651698290868438198e+04
6.550000000000000000e+02 7.651698290835310763e+04
6.560000000000000000e+02 7.651698290835310763e+04
6.570000000000000000e+02 7.651698290901078144e+04
6.580000000000000000e+02 7.651698290855315281e+04
6.590000000000000000e+02 7.651698290881999128e+04
6.600000000000000000e+02 7.651698290846862074e+04
6.610000000000000000e+02 7.651698290835840453e+04
6.620000000000000000e+02 7.651698290933181124e+04
6.630000000000000000e+02 7.651697089306921407e+04
6.640000000000000000e+02 7.651697089253427112e+04
6.650000000000000000e+02 7.651697089295061596e+04
6.660000000000000000e+02 7.651697089295063051e+04
6.670000000000000000e+02 7.651697089272469748e+04
6.680000000000000000e+02 7.651697089285259426e+04
6.690000000000000000e+02 7.651697089285262336e+04
6.700000000000000000e+02 7.651697089326038258e+04
6.710000000000000000e+02 7.651697089277445048e+04
6.720000000000000000e+02 7.651697089264362876e+04
6.730000000000000000e+02 7.651697089302189124e+04
6.740000000000000000e+02 7.651697089253764716e+04
6.750000000000000000e+02 7.651697089374247298e+04
6.760000000000000000e+02 7.651696313935186481e+04
6.770000000000000000e+02 7.651696313886591815e+04
6.780000000000000000e+02 7.651696313914748316e+04
6.790000000000000000e+02 7.651696313914749771e+04
6.800000000000000000e+02 7.651696313883019320e+04
6.810000000000000000e+02 7.651696313903956616e+04
6.820000000000000000e+02 7.651696313903958071e+04
6.830000000000000000e+02 7.651696313931548502e+04
6.840000000000000000e+02 7.651696313963962893e+04
6.850000000000000000e+02 7.651696313882723916e+04
6.860000000000000000e+02 7.651696313931468467e+04
6.870000000000000000e+02 7.651696313908141747e+04
6.880000000000000000e+02 7.651696313990371709e+04
6.890000000000000000e+02 7.651695446757550235e+04
6.900000000000000000e+02 7.651695446815511968e+04
6.910000000000000000e+02 7.651695446721992630e+04
6.920000000000000000e+02 7.651695446721991175e+04
6.930000000000000000e+02 7.651695446726966475e+04
6.940000000000000000e+02 7.651695446702835034e+04
6.950000000000000000e+02 7.651695446702833578e+04
6.960000000000000000e+02 7.651695446669402008e+04
6.970000000000000000e+02 7.651695446404609538e+04
6.980000000000000000e+02 7.651695446683300543e+04
6.990000000000000000e+02 7.651695446765264205e+04
7.000000000000000000e+02 7.651695446853649628e+04
7.010000000000000000e+02 7.651695446786678804e+04
7.020000000000000000e+02 7.651693698938826856e+04
7.030000000000000000e+02 7.651693698989800760e+04
7.040000000000000000e+02 7.651693698901683092e+04
7.050000000000000000e+02 7.651693698901683092e+04
7.060000000000000000e+02 7.651693698908889201e+04
7.070000000000000000e+02 7.651693698876434064e+04
7.080000000000000000e+02 7.651693698876429698e+04
7.090000000000000000e+02 7.651693698858526477e+04
7.100000000000000000e+02 7.651693698949557438e+04
7.110000000000000000e+02 7.651693698886549100e+04
7.120000000000000000e+02 7.651693698948268138e+04
7.130000000000000000e+02 7.651693699021932844e+04
7.140000000000000000e+02 7.651693698961586051e+04
7.150000000000000000e+02 7.651691581604804378e+04
7.160000000000000000e+02 7.651691581648326246e+04
7.170000000000000000e+02 7.651691581571033748e+04
7.180000000000000000e+02 7.651691581571032293e+04
7.190000000000000000e+02 7.651691581597937329e+04
7.200000000000000000e+02 7.651691581538737228e+04
7.210000000000000000e+02 7.651691581538740138e+04
7.220000000000000000e+02 7.651691581555367156e+04
7.230000000000000000e+02 7.651691581840220897e+04
7.240000000000000000e+02 7.651691581584219239e+04
7.250000000000000000e+02 7.651691581618112104e+04
7.260000000000000000e+02 7.651691581672182656e+04
7.270000000000000000e+02 7.651691581626918924e+04
7.280000000000000000e+02 7.651684490102097334e+04
7.290000000000000000e+02 7.651684490127651952e+04
7.300000000000000000e+02 7.651684490078067756e+04
7.310000000000000000e+02 7.651684490078067756e+04
7.320000000000000000e+02 7.651684490178471606e+04
7.330000000000000000e+02 7.651684490025578998e+04
7.340000000000000000e+02 7.651684490025577543e+04
7.350000000000000000e+02 7.651684490154907689e+04
7.360000000000000000e+02 7.651684490768407704e+04
7.370000000000000000e+02 7.651684490156966785e+04
7.380000000000000000e+02 7.651684490128260222e+04
7.390000000000000000e+02 7.651684490117270616e+04
7.400000000000000000e+02 7.651684490122356510e+04
7.410000000000000000e+02 7.651671371822863875e+04
7.420000000000000000e+02 7.651671371829809505e+04
7.430000000000000000e+02 7.651671371812981670e+04
7.440000000000000000e+02 7.651671371812983125e+04
7.450000000000000000e+02 7.651671372029918712e+04
7.460000000000000000e+02 7.651671371731776162e+04
7.470000000000000000e+02 7.651671371731776162e+04
7.480000000000000000e+02 7.651671372026226891e+04
7.490000000000000000e+02 7.651671372884842276e+04
7.500000000000000000e+02 7.651671371969438042e+04
7.510000000000000000e+02 7.651671371865495166e+04
7.520000000000000000e+02 7.651671371794097649e+04
7.530000000000000000e+02 7.651671371840461507e+04
7.540000000000000000e+02 7.651637126592376444e+04
7.550000000000000000e+02 7.651637126686533156e+04
7.560000000000000000e+02 7.651637126609991537e+04
7.570000000000000000e+02 7.651637126610003179e+04
7.580000000000000000e+02 7.651637127108305867e+04
7.590000000000000000e+02 7.651637126473849639e+04
7.600000000000000000e+02 7.651637126473851094e+04
7.610000000000000000e+02 7.651637127019281616e+04
7.620000000000000000e+02 7.651637128173404199e+04
7.630000000000000000e+02 7.651637126921616436e+04
7.640000000000000000e+02 7.651637126659562637e+04
7.650000000000000000e+02 7.651637126616718888e+04
7.660000000000000000e+02 7.651637126603518846e+04
7.670000000000000000e+02 7.651560368530385313e+04
7.680000000000000000e+02 7.651560368961612403e+04
7.690000000000000000e+02 7.651560368588562415e+04
7.700000000000000000e+02 7.651560368588560959e+04
7.710000000000000000e+02 7.651560369596985402e+04
7.720000000000000000e+02 7.651560368366986222e+04
7.730000000000000000e+02 7.651560368366977491e+04
7.740000000000000000e+02 7.651560369170294143e+04
7.750000000000000000e+02 7.651560370586521458e+04
7.760000000000000000e+02 7.651560369276687561e+04
7.770000000000000000e+02 7.651560368626946001e+04
7.780000000000000000e+02 7.651560368980409112e+04
7.790000000000000000e+02 7.651560368510424451e+04
7.800000000000000000e+02 7.651463185197908024e+04
7.810000000000000000e+02 7.651463186742924154e+04
7.820000000000000000e+02 7.651463185314963630e+04
7.830000000000000000e+02 7.651463185314965085e+04
7.840000000000000000e+02 7.651463187258350081e+04
7.850000000000000000e+02 7.651463184999588702e+04
7.860000000000000000e+02 7.651463184999593068e+04
7.870000000000000000e+02 7.651463185709971003e+04
7.880000000000000000e+02 7.651463186841655988e+04
7.890000000000000000e+02 7.651463186439205310e+04
7.900000000000000000e+02 7.651463185300595069e+04
7.910000000000000000e+02 7.651463186938365106e+04
7.920000000000000000e+02 7.651463185076734226e+04
7.930000000000000000e+02 7.651301708623953164e+04
7.940000000000000000e+02 7.651301708234575926e+04
7.950000000000000000e+02 7.651301708677755960e+04
7.960000000000000000e+02 7.651301708677773422e+04
7.970000000000000000e+02 7.651301709100841254e+04
7.980000000000000000e+02 7.651301708427583799e+04
7.990000000000000000e+02 7.651301708427586709e+04
8.000000000000000000e+02 7.651301709478771954e+04
8.010000000000000000e+02 7.651301709261152428e+04
8.020000000000000000e+02 7.651301709311835293e+04
8.030000000000000000e+02 7.651301708739527385e+04
8.040000000000000000e+02 7.651301709199028846e+04
8.050000000000000000e+02 7.651301708539440006e+04
8.060000000000000000e+02 7.651377129255273030e+04
8.070000000000000000e+02 7.651377132487740892e+04
8.080000000000000000e+02 7.651377129528703517e+04
8.090000000000000000e+02 7.651377129528699152e+04
8.100000000000000000e+02 7.651377131860585359e+04
8.110000000000000000e+02 7.651377129233856976e+04
8.120000000000000000e+02 7.651377129233862797e+04
8.130000000000000000e+02 7.651377128610429645e+04
8.140000000000000000e+02 7.651377127714507515e+04
8.150000000000000000e+02 7.651377130500753992e+04
8.160000000000000000e+02 7.651377129202829383e+04
8.170000000000000000e+02 7.651377133580081863e+04
8.180000000000000000e+02 7.651377128929471655e+04
8.190000000000000000e+02 7.651221980828020605e+04
8.200000000000000000e+02 7.651221981421607779e+04
8.210000000000000000e+02 7.651221980943837843e+04
8.220000000000000000e+02 7.651221980943837843e+04
8.230000000000000000e+02 7.651221981838111242e+04
8.240000000000000000e+02 7.651221980689106567e+04
8.250000000000000000e+02 7.651221980689126940e+04
8.260000000000000000e+02 7.651221981229983794e+04
8.270000000000000000e+02 7.651221980565768899e+04
8.280000000000000000e+02 7.651221981625334593e+04
8.290000000000000000e+02 7.651221980892754800e+04
8.300000000000000000e+02 7.651221982429725176e+04
8.310000000000000000e+02 7.651221980704602902e+04
8.320000000000000000e+02 7.651134734399862646e+04
8.330000000000000000e+02 7.651134735505167919e+04
8.340000000000000000e+02 7.651134734587532876e+04
8.350000000000000000e+02 7.651134734587540152e+04
8.360000000000000000e+02 7.651134735207301856e+04
8.370000000000000000e+02 7.651134734465993824e+04
8.380000000000000000e+02 7.651134734465999645e+04
8.390000000000000000e+02 7.651134734096998000e+04
8.400000000000000000e+02 7.651134732860370423e+04
8.410000000000000000e+02 7.651134734561057121e+04
8.420000000000000000e+02 7.651134734399308218e+04
8.430000000000000000e+02 7.651134734210951137e+04
8.440000000000000000e+02 7.651134734573196329e+04
8.450000000000000000e+02 7.651108601534084301e+04
8.460000000000000000e+02 7.651108601869194536e+04
8.470000000000000000e+02 7.651108601685450412e+04
8.480000000000000000e+02 7.651108601685437316e+04
8.490000000000000000e+02 7.651108601584217104e+04
8.500000000000000000e+02 7.651108601594918582e+04
8.510000000000000000e+02 7.651108601594921493e+04
8.520000000000000000e+02 7.651108601243932208e+04
8.530000000000000000e+02 7.651108601139407256e+04
8.540000000000000000e+02 7.651108601122259279e+04
8.550000000000000000e+02 7.651108601538449875e+04
8.560000000000000000e+02 7.651108602364572289e+04
8.570000000000000000e+02 7.651108601606870070e+04
8.580000000000000000e+02 7.651101895808240806e+04
8.590000000000000000e+02 7.651101895505003631e+04
8.600000000000000000e+02 7.651101895917947695e+04
8.610000000000000000e+02 7.651101895917968068e+04
8.620000000000000000e+02 7.651101895475183846e+04
8.630000000000000000e+02 7.651101895831488946e+04
8.640000000000000000e+02 7.651101895831523871e+04
8.650000000000000000e+02 7.651101895771719865e+04
8.660000000000000000e+02 7.651101895647910715e+04
8.670000000000000000e+02 7.651101895572942158e+04
8.680000000000000000e+02 7.651101895824968233e+04
8.690000000000000000e+02 7.651101895881528617e+04
8.700000000000000000e+02 7.651101895920188690e+04
8.710000000000000000e+02 7.651088905135783716e+04
8.720000000000000000e+02 7.651088905271029216e+04
8.730000000000000000e+02 7.651088905258565501e+04
8.740000000000000000e+02 7.651088905258566956e+04
8.750000000000000000e+02 7.651088905085256556e+04
8.760000000000000000e+02 7.651088905155505927e+04
8.770000000000000000e+02 7.651088905155520479e+04
8.780000000000000000e+02 7.651088904942657973e+04
8.790000000000000000e+02 7.651088904884076328e+04
8.800000000000000000e+02 7.651088905404521211e+04
8.810000000000000000e+02 7.651088905116730893e+04
8.820000000000000000e+02 7.651088905330913258e+04
8.830000000000000000e+02 7.651088905225756753e+04
8.840000000000000000e+02 7.651074391073601146e+04
8.850000000000000000e+02 7.651074391538479540e+04
8.860000000000000000e+02 7.651074391183430271e+04
8.870000000000000000e+02 7.651074391183428816e+04
8.880000000000000000e+02 7.651074391256441595e+04
8.890000000000000000e+02 7.651074391084794479e+04
8.900000000000000000e+02 7.651074391084816307e+04
8.910000000000000000e+02 7.651074390784336720e+04
8.920000000000000000e+02 7.651074390958836011e+04
8.930000000000000000e+02 7.651074391569911677e+04
8.940000000000000000e+02 7.651074391019741597e+04
8.950000000000000000e+02 7.651074391537881456e+04
8.960000000000000000e+02 7.651074391105800169e+04
8.970000000000000000e+02 7.651059641814090719e+04
8.980000000000000000e+02 7.651059642325481400e+04
8.990000000000000000e+02 7.651059641864745936e+04
9.000000000000000000e+02 7.651059641864766309e+04
9.010000000000000000e+02 7.651059642195927154e+04
9.020000000000000000e+02 7.651059641795900825e+04
9.030000000000000000e+02 7.651059641795893549e+04
9.040000000000000000e+02 7.651059641678961634e+04
9.050000000000000000e+02 7.651059641825247672e+04
9.060000000000000000e+02 7.651059642114918097e+04
9.070000000000000000e+02 7.651059641752787866e+04
9.080000000000000000e+02 7.651059642236103537e+04
9.090000000000000000e+02 7.651059641784682753e+04
9.100000000000000000e+02 7.651053235036801198e+04
9.110000000000000000e+02 7.651053235107945511e+04
9.120000000000000000e+02 7.651053235024148307e+04
9.130000000000000000e+02 7.651053235024146852e+04
9.140000000000000000e+02 7.651053235064171895e+04
9.150000000000000000e+02 7.651053234979025729e+04
9.160000000000000000e+02 7.651053234979033004e+04
9.170000000000000000e+02 7.651053234987521137e+04
9.180000000000000000e+02 7.651053235079578008e+04
9.190000000000000000e+02 7.651053235287626740e+04
9.200000000000000000e+02 7.651053234978561522e+04
9.210000000000000000e+02 7.651053235307450814e+04
9.220000000000000000e+02 7.651053234969158075e+04
9.230000000000000000e+02 7.651051090855266375e+04
9.240000000000000000e+02 7.651051090874476358e+04
9.250000000000000000e+02 7.651051090829035093e+04
9.260000000000000000e+02 7.651051090829049645e+04
9.270000000000000000e+02 7.651051090853633650e+04
9.280000000000000000e+02 7.651051090809443849e+04
9.290000000000000000e+02 7.651051090809452580e+04
9.300000000000000000e+02 7.651051090831543843e+04
9.310000000000000000e+02 7.651051091015017300e+04
9.320000000000000000e+02 7.651051090800143720e+04
9.330000000000000000e+02 7.651051090807461878e+04
9.340000000000000000e+02 7.651051090918944101e+04
9.350000000000000000e+02 7.651051090809742163e+04
9.360000000000000000e+02 7.651050103113723162e+04
9.370000000000000000e+02 7.651050103150114592e+04
9.380000000000000000e+02 7.651050103084949660e+04
9.390000000000000000e+02 7.651050103084967122e+04
9.400000000000000000e+02 7.651050103110473719e+04
9.410000000000000000e+02 7.651050103075722291e+04
9.420000000000000000e+02 7.651050103075736843e+04
9.430000000000000000e+02 7.651050103072404454e+04
9.440000000000000000e+02 7.651050103130977368e+04
9.450000000000000000e+02 7.651050102978853101e+04
9.460000000000000000e+02 7.651050103063072311e+04
9.470000000000000000e+02 7.651050103224268241e+04
9.480000000000000000e+02 7.651050103064862196e+04
9.490000000000000000e+02 7.651048148541316914e+04
9.500000000000000000e+02 7.651048148520887480e+04
9.510000000000000000e+02 7.651048148512312036e+04
9.520000000000000000e+02 7.651048148512316402e+04
9.530000000000000000e+02 7.651048148496927752e+04
9.540000000000000000e+02 7.651048148513915658e+04
9.550000000000000000e+02 7.651048148513920023e+04
9.560000000000000000e+02 7.651048148516860965e+04
9.570000000000000000e+02 7.651048148485565616e+04
9.580000000000000000e+02 7.651048148367309477e+04
9.590000000000000000e+02 7.651048148489581945e+04
9.600000000000000000e+02 7.651048148611266515e+04
9.610000000000000000e+02 7.651048148504145502e+04
9.620000000000000000e+02 7.651043256156162533e+04
9.630000000000000000e+02 7.651043256137099524e+04
9.640000000000000000e+02 7.651043256138854485e+04
9.650000000000000000e+02 7.651043256138851575e+04
9.660000000000000000e+02 7.651043256114973337e+04
9.670000000000000000e+02 7.651043256150830712e+04
9.680000000000000000e+02 7.651043256150843808e+04
9.690000000000000000e+02 7.651043256135260162e+04
9.700000000000000000e+02 7.651043256139679579e+04
9.710000000000000000e+02 7.651043255992296326e+04
9.720000000000000000e+02 7.651043256104845204e+04
9.730000000000000000e+02 7.651043256297337939e+04
9.740000000000000000e+02 7.651043256128433859e+04
9.750000000000000000e+02 7.651118055748056213e+04
9.760000000000000000e+02 7.651118055300330161e+04
9.770000000000000000e+02 7.651118055761475989e+04
9.780000000000000000e+02 7.651118055761475989e+04
9.790000000000000000e+02 7.651118055656978686e+04
9.800000000000000000e+02 7.651118055755767273e+04
9.810000000000000000e+02 7.651118055755793466e+04
9.820000000000000000e+02 7.651118056102898845e+04
9.830000000000000000e+02 7.651118052228091983e+04
9.840000000000000000e+02 7.651118055745589663e+04
9.850000000000000000e+02 7.651118055790255312e+04
9.860000000000000000e+02 7.651118055035361613e+04
9.870000000000000000e+02 7.651118055867479416e+04
9.880000000000000000e+02 7.651042205271324201e+04
9.890000000000000000e+02 7.651042205201642355e+04
9.900000000000000000e+02 7.651042205256925081e+04
9.910000000000000000e+02 7.651042205256938178e+04
9.920000000000000000e+02 7.651042205221347103e+04
9.930000000000000000e+02 7.651042205267309328e+04
9.940000000000000000e+02 7.651042205267309328e+04
9.950000000000000000e+02 7.651042205291967548e+04
9.960000000000000000e+02 7.651042204876818869e+04
9.970000000000000000e+02 7.651042205122277664e+04
9.980000000000000000e+02 7.651042205229794490e+04
9.990000000000000000e+02 7.651042205317450862e+04
1.000000000000000000e+03 7.651042205259151524e+04
1.001000000000000000e+03 7.651038631623050605e+04
1.002000000000000000e+03 7.651038631541421637e+04
1.003000000000000000e+03 7.651038631623468245e+04
1.004000000000000000e+03 7.651038631623478432e+04
1.005000000000000000e+03 7.651038631577060733e+04
1.006000000000000000e+03 7.651038631629802694e+04
1.007000000000000000e+03 7.651038631629820156e+04
1.008000000000000000e+03 7.651038631659392559e+04
1.009000000000000000e+03 7.651038631477109448e+04
1.010000000000000000e+03 7.651038631576701300e+04
1.011000000000000000e+03 7.651038631591919693e+04
1.012000000000000000e+03 7.651038631656549114e+04
1.013000000000000000e+03 7.651038631626835559e+04
1.014000000000000000e+03 7.651037013186977128e+04
1.015000000000000000e+03 7.651037013164120435e+04
1.016000000000000000e+03 7.651037013191533333e+04
1.017000000000000000e+03 7.651037013191543519e+04
1.018000000000000000e+03 7.651037013178414782e+04
1.019000000000000000e+03 7.651037013190818834e+04
1.020000000000000000e+03 7.651037013190808648e+04
1.021000000000000000e+03 7.651037013201238005e+04
1.022000000000000000e+03 7.651037013162141375e+04
1.023000000000000000e+03 7.651037013200548245e+04
1.024000000000000000e+03 7.651037013172275329e+04
1.025000000000000000e+03 7.651037013200287765e+04
1.026000000000000000e+03 7.651037013190281868e+04
1.027000000000000000e+03 7.651036731629887072e+04
1.028000000000000000e+03 7.651036731540897745e+04
1.029000000000000000e+03 7.651036731630018039e+04
1.030000000000000000e+03 7.651036731630026770e+04
1.031000000000000000e+03 7.651036731573930592e+04
1.032000000000000000e+03 7.651036731626387336e+04
1.033000000000000000e+03 7.651036731626416440e+04
1.034000000000000000e+03 7.651036731662167585e+04
1.035000000000000000e+03 7.651036731668120774e+04
1.036000000000000000e+03 7.651036731608776608e+04
1.037000000000000000e+03 7.651036731630199938e+04
1.038000000000000000e+03 7.651036731569384574e+04
1.039000000000000000e+03 7.651036731638143829e+04
1.040000000000000000e+03 7.651036686077914783e+04
1.041000000000000000e+03 7.651036686115860357e+04
1.042000000000000000e+03 7.651036686077910417e+04
1.043000000000000000e+03 7.651036686077923514e+04
1.044000000000000000e+03 7.651036686100768566e+04
1.045000000000000000e+03 7.651036686072463635e+04
1.046000000000000000e+03 7.651036686072472367e+04
1.047000000000000000e+03 7.651036686062114313e+04
1.048000000000000000e+03 7.651036686053602898e+04
1.049000000000000000e+03 7.651036686081261723e+04
1.050000000000000000e+03 7.651036686078611820e+04
1.051000000000000000e+03 7.651036686078258208e+04
1.052000000000000000e+03 7.651036686071807344e+04
1.053000000000000000e+03 7.651036602587945526e+04
1.054000000000000000e+03 7.651036602581762418e+04
1.055000000000000000e+03 7.651036602588933602e+04
1.056000000000000000e+03 7.651036602588945243e+04
1.057000000000000000e+03 7.651036602584618959e+04
1.058000000000000000e+03 7.651036602583476633e+04
1.059000000000000000e+03 7.651036602583495551e+04
1.060000000000000000e+03 7.651036602590008988e+04
1.061000000000000000e+03 7.651036602584866341e+04
1.062000000000000000e+03 7.651036602583163767e+04
1.063000000000000000e+03 7.651036602587027301e+04
1.064000000000000000e+03 7.651036602568953822e+04
1.065000000000000000e+03 7.651036602587591915e+04
1.066000000000000000e+03 7.651036586457058729e+04
1.067000000000000000e+03 7.651036586445802823e+04
1.068000000000000000e+03 7.651036586458630336e+04
1.069000000000000000e+03 7.651036586458631791e+04
1.070000000000000000e+03 7.651036586451163748e+04
1.071000000000000000e+03 7.651036586452732445e+04
1.072000000000000000e+03 7.651036586452744086e+04
1.073000000000000000e+03 7.651036586461598927e+04
1.074000000000000000e+03 7.651036586456882651e+04
1.075000000000000000e+03 7.651036586449430615e+04
1.076000000000000000e+03 7.651036586456227815e+04
1.077000000000000000e+03 7.651036586443059787e+04
1.078000000000000000e+03 7.651036586457063095e+04
