# Iteration Neg_Log_Likelihood
0.000000000000000000e+00 9.248423376342249685e+04
1.000000000000000000e+00 9.254176682442970923e+04
2.000000000000000000e+00 9.248423045841956628e+04
3.000000000000000000e+00 9.248423045841956628e+04
4.000000000000000000e+00 9.248423909446982725e+04
5.000000000000000000e+00 9.248424193303259381e+04
6.000000000000000000e+00 9.248424193303259381e+04
7.000000000000000000e+00 9.233807571959117195e+04
8.000000000000000000e+00 9.248418305574673286e+04
9.000000000000000000e+00 9.248422937859017111e+04
1.000000000000000000e+01 9.248422620020326576e+04
1.100000000000000000e+01 9.248418300466625078e+04
1.200000000000000000e+01 9.248423265013933997e+04
1.300000000000000000e+01 5.061671899896628747e+04
1.400000000000000000e+01 5.061671858841658832e+04
1.500000000000000000e+01 5.061671902380456595e+04
1.600000000000000000e+01 5.061671902380456595e+04
1.700000000000000000e+01 5.061671855816211610e+04
1.800000000000000000e+01 5.061671899948356440e+04
1.900000000000000000e+01 5.061671899948356440e+04
2.000000000000000000e+01 5.061671862519112619e+04
2.100000000000000000e+01 5.061671903401332384e+04
2.200000000000000000e+01 5.061671900394644035e+04
2.300000000000000000e+01 5.061671898443653481e+04
2.400000000000000000e+01 5.061671904992122290e+04
2.500000000000000000e+01 5.061671900084142544e+04
2.600000000000000000e+01 6.543781136096891714e+04
2.700000000000000000e+01 6.543781092452849407e+04
2.800000000000000000e+01 6.543781139265817183e+04
2.900000000000000000e+01 6.543781139265816455e+04
3.000000000000000000e+01 6.543781071258601878e+04
3.100000000000000000e+01 6.543781136329136643e+04
3.200000000000000000e+01 6.543781136329136643e+04
3.300000000000000000e+01 6.543781090832963673e+04
3.400000000000000000e+01 6.543781154615306150e+04
3.500000000000000000e+01 6.543781137927527743e+04
3.600000000000000000e+01 6.543781129980071273e+04
3.700000000000000000e+01 6.543781157635872660e+04
3.800000000000000000e+01 6.543781136923869053e+04
3.900000000000000000e+01 7.207514363873221737e+04
4.000000000000000000e+01 7.207514327701707953e+04
4.100000000000000000e+01 7.207514367440791102e+04
4.200000000000000000e+01 7.207514367440791102e+04
4.300000000000000000e+01 7.207514290496995091e+04
4.400000000000000000e+01 7.207514364213953377e+04
4.500000000000000000e+01 7.207514364213953377e+04
4.600000000000000000e+01 7.207514310726130498e+04
4.700000000000000000e+01 7.207514392395614414e+04
4.800000000000000000e+01 7.207514366404031171e+04
4.900000000000000000e+01 7.207514355016536138e+04
5.000000000000000000e+01 7.207514395024838450e+04
5.100000000000000000e+01 7.207514365088661725e+04
5.200000000000000000e+01 7.524386716753689689e+04
5.300000000000000000e+01 7.524386708519527747e+04
5.400000000000000000e+01 7.524386720481874363e+04
5.500000000000000000e+01 7.524386720481874363e+04
5.600000000000000000e+01 7.524386640070327849e+04
5.700000000000000000e+01 7.524386717141930421e+04
5.800000000000000000e+01 7.524386717141930421e+04
5.900000000000000000e+01 7.524386653511654004e+04
6.000000000000000000e+01 7.524386749397951644e+04
6.100000000000000000e+01 7.524386719568370609e+04
6.200000000000000000e+01 7.524386706618381140e+04
6.300000000000000000e+01 7.524386751663852192e+04
6.400000000000000000e+01 7.524386718134125113e+04
6.500000000000000000e+01 7.704684469513142540e+04
6.600000000000000000e+01 7.704684547688132443e+04
6.700000000000000000e+01 7.704684473275570781e+04
6.800000000000000000e+01 7.704684473275570781e+04
6.900000000000000000e+01 7.704684391655838408e+04
7.000000000000000000e+01 7.704684469922377320e+04
7.100000000000000000e+01 7.704684469922377320e+04
7.200000000000000000e+01 7.704684382532048039e+04
7.300000000000000000e+01 7.704684502890384465e+04
7.400000000000000000e+01 7.704684472421537794e+04
7.500000000000000000e+01 7.704684458470439131e+04
7.600000000000000000e+01 7.704684504832622770e+04
7.700000000000000000e+01 7.704684470951528056e+04
7.800000000000000000e+01 7.837374121171698789e+04
7.900000000000000000e+01 7.837374471235480451e+04
8.000000000000000000e+01 7.837374124869526713e+04
8.100000000000000000e+01 7.837374124869526713e+04
8.200000000000000000e+01 7.837374042920229840e+04
8.300000000000000000e+01 7.837374121599199134e+04
8.400000000000000000e+01 7.837374121599197679e+04
8.500000000000000000e+01 7.837373965390445665e+04
8.600000000000000000e+01 7.837374152322293958e+04
8.700000000000000000e+01 7.837374124086055963e+04
8.800000000000000000e+01 7.837374108403215359e+04
8.900000000000000000e+01 7.837374153598277189e+04
9.000000000000000000e+01 7.837374122623291623e+04
9.100000000000000000e+01 7.957770679893904889e+04
9.200000000000000000e+01 7.957771980268399057e+04
9.300000000000000000e+01 7.957770683302076941e+04
9.400000000000000000e+01 7.957770683302076941e+04
9.500000000000000000e+01 7.957770601528199040e+04
9.600000000000000000e+01 7.957770680360760889e+04
9.700000000000000000e+01 7.957770680360759434e+04
9.800000000000000000e+01 7.957770318537678395e+04
9.900000000000000000e+01 7.957770701506489422e+04
1.000000000000000000e+02 7.957770682723652862e+04
1.010000000000000000e+02 7.957770661595926504e+04
1.020000000000000000e+02 7.957770700650988147e+04
1.030000000000000000e+02 7.957770681325574697e+04
1.040000000000000000e+02 8.094529859013056557e+04
1.050000000000000000e+02 8.094536938149713387e+04
1.060000000000000000e+02 8.094529860701807775e+04
1.070000000000000000e+02 8.094529860701807775e+04
1.080000000000000000e+02 8.094529805643783766e+04
1.090000000000000000e+02 8.094529859595927701e+04
1.100000000000000000e+02 8.094529859595929156e+04
1.110000000000000000e+02 8.094528882623772370e+04
1.120000000000000000e+02 8.094529822119005257e+04
1.130000000000000000e+02 8.094529861370004073e+04
1.140000000000000000e+02 8.094529810185330280e+04
1.150000000000000000e+02 8.094529809786906117e+04
1.160000000000000000e+02 8.094529860281104629e+04
1.170000000000000000e+02 8.094382574322470464e+04
1.180000000000000000e+02 8.094389634401585499e+04
1.190000000000000000e+02 8.094382576016656822e+04
1.200000000000000000e+02 8.094382576016656822e+04
1.210000000000000000e+02 8.094382520953012863e+04
1.220000000000000000e+02 8.094382574905267393e+04
1.230000000000000000e+02 8.094382574905267393e+04
1.240000000000000000e+02 8.094381598297574965e+04
1.250000000000000000e+02 8.094382537620158109e+04
1.260000000000000000e+02 8.094382576680956117e+04
1.270000000000000000e+02 8.094382525585596159e+04
1.280000000000000000e+02 8.094382525321848516e+04
1.290000000000000000e+02 8.094382575591048226e+04
1.300000000000000000e+02 8.093797307047361392e+04
1.310000000000000000e+02 8.093804292017058469e+04
1.320000000000000000e+02 8.093797308763035107e+04
1.330000000000000000e+02 8.093797308763035107e+04
1.340000000000000000e+02 8.093797253677260596e+04
1.350000000000000000e+02 8.093797307629902207e+04
1.360000000000000000e+02 8.093797307629902207e+04
1.370000000000000000e+02 8.093796332477156830e+04
1.380000000000000000e+02 8.093797271100884245e+04
1.390000000000000000e+02 8.093797309411008609e+04
1.400000000000000000e+02 8.093797258669232542e+04
1.410000000000000000e+02 8.093797258935516584e+04
1.420000000000000000e+02 8.093797308318293653e+04
1.430000000000000000e+02 8.091515720861608861e+04
1.440000000000000000e+02 8.091522422249744704e+04
1.450000000000000000e+02 8.091515722658588493e+04
1.460000000000000000e+02 8.091515722658588493e+04
1.470000000000000000e+02 8.091515667488944018e+04
1.480000000000000000e+02 8.091515721443155780e+04
1.490000000000000000e+02 8.091515721443155780e+04
1.500000000000000000e+02 8.091514752064654022e+04
1.510000000000000000e+02 8.091515687768897624e+04
1.520000000000000000e+02 8.091515723243758839e+04
1.530000000000000000e+02 8.091515673846352729e+04
1.540000000000000000e+02 8.091515676107991021e+04
1.550000000000000000e+02 8.091515722140502476e+04
1.560000000000000000e+02 8.083208753310321481e+04
1.570000000000000000e+02 8.083214535525218525e+04
1.580000000000000000e+02 8.083208755372089217e+04
1.590000000000000000e+02 8.083208755372089217e+04
1.600000000000000000e+02 8.083208699927666748e+04
1.610000000000000000e+02 8.083208753887965577e+04
1.620000000000000000e+02 8.083208753887965577e+04
1.630000000000000000e+02 8.083207806900670403e+04
1.640000000000000000e+02 8.083208729488265817e+04
1.650000000000000000e+02 8.083208755755427410e+04
1.660000000000000000e+02 8.083208710803190479e+04
1.670000000000000000e+02 8.083208719483624736e+04
1.680000000000000000e+02 8.083208754616104125e+04
1.690000000000000000e+02 8.048376718812741456e+04
1.700000000000000000e+02 8.048379989445375395e+04
1.710000000000000000e+02 8.048376721608641674e+04
1.720000000000000000e+02 8.048376721608641674e+04
1.730000000000000000e+02 8.048376640399223834e+04
1.740000000000000000e+02 8.048376719365644385e+04
1.750000000000000000e+02 8.048376719365647295e+04
1.760000000000000000e+02 8.048375890172219079e+04
1.770000000000000000e+02 8.048376720407028915e+04
1.780000000000000000e+02 8.048376721438100503e+04
1.790000000000000000e+02 8.048376689406808873e+04
1.800000000000000000e+02 8.048376715100716683e+04
1.810000000000000000e+02 8.048376720190820924e+04
1.820000000000000000e+02 8.018659829064042424e+04
1.830000000000000000e+02 8.018661976861758740e+04
1.840000000000000000e+02 8.018659832206121064e+04
1.850000000000000000e+02 8.018659832206121064e+04
1.860000000000000000e+02 8.018659750602519489e+04
1.870000000000000000e+02 8.018659829593604081e+04
1.880000000000000000e+02 8.018659829593604081e+04
1.890000000000000000e+02 8.018659121464930649e+04
1.900000000000000000e+02 8.018659842388183461e+04
1.910000000000000000e+02 8.018659831782869878e+04
1.920000000000000000e+02 8.018659805767987564e+04
1.930000000000000000e+02 8.018659839402019861e+04
1.940000000000000000e+02 8.018659830474306364e+04
1.950000000000000000e+02 7.979740837044706859e+04
1.960000000000000000e+02 7.979742144709391869e+04
1.970000000000000000e+02 7.979740840465697693e+04
1.980000000000000000e+02 7.979740840465697693e+04
1.990000000000000000e+02 7.979740758526218997e+04
2.000000000000000000e+02 7.979740837539821223e+04
2.010000000000000000e+02 7.979740837539821223e+04
2.020000000000000000e+02 7.979740290019284294e+04
2.030000000000000000e+02 7.979740859613900830e+04
2.040000000000000000e+02 7.979740839847386815e+04
2.050000000000000000e+02 7.979740818362183927e+04
2.060000000000000000e+02 7.979740858600912907e+04
2.070000000000000000e+02 7.979740838478739897e+04
2.080000000000000000e+02 7.938602549967057712e+04
2.090000000000000000e+02 7.938603348795816419e+04
2.100000000000000000e+02 7.938602553584385896e+04
2.110000000000000000e+02 7.938602553584385896e+04
2.120000000000000000e+02 7.938602471407629491e+04
2.130000000000000000e+02 7.938602550424369110e+04
2.140000000000000000e+02 7.938602550424369110e+04
2.150000000000000000e+02 7.938602148964248772e+04
2.160000000000000000e+02 7.938602578906294366e+04
2.170000000000000000e+02 7.938602552832552465e+04
2.180000000000000000e+02 7.938602534042108164e+04
2.190000000000000000e+02 7.938602579398574017e+04
2.200000000000000000e+02 7.938602551415131893e+04
2.210000000000000000e+02 7.894003982214981806e+04
2.220000000000000000e+02 7.894004455322946887e+04
2.230000000000000000e+02 7.894003985998754797e+04
2.240000000000000000e+02 7.894003985998754797e+04
2.250000000000000000e+02 7.894003903641653596e+04
2.260000000000000000e+02 7.894003982630292012e+04
2.270000000000000000e+02 7.894003982630290557e+04
2.280000000000000000e+02 7.894003699434525333e+04
2.290000000000000000e+02 7.894004016480888822e+04
2.300000000000000000e+02 7.894003985130687943e+04
2.310000000000000000e+02 7.894003968056589656e+04
2.320000000000000000e+02 7.894004018411155266e+04
2.330000000000000000e+02 7.894003983671884635e+04
2.340000000000000000e+02 7.846363400139909936e+04
2.350000000000000000e+02 7.846363671233541390e+04
2.360000000000000000e+02 7.846363404087480740e+04
2.370000000000000000e+02 7.846363404087480740e+04
2.380000000000000000e+02 7.846363321595625894e+04
2.390000000000000000e+02 7.846363400508007908e+04
2.400000000000000000e+02 7.846363400508009363e+04
2.410000000000000000e+02 7.846363200975343352e+04
2.420000000000000000e+02 7.846363439611360081e+04
2.430000000000000000e+02 7.846363403098497656e+04
2.440000000000000000e+02 7.846363387309931568e+04
2.450000000000000000e+02 7.846363443226515665e+04
2.460000000000000000e+02 7.846363401602479280e+04
2.470000000000000000e+02 7.789221164323315315e+04
2.480000000000000000e+02 7.789221305164801015e+04
2.490000000000000000e+02 7.789221168451700942e+04
2.500000000000000000e+02 7.789221168451700942e+04
2.510000000000000000e+02 7.789221085887443041e+04
2.520000000000000000e+02 7.789221164639912604e+04
2.530000000000000000e+02 7.789221164639912604e+04
2.540000000000000000e+02 7.789221022986622120e+04
2.550000000000000000e+02 7.789221209536353126e+04
2.560000000000000000e+02 7.789221167326519208e+04
2.570000000000000000e+02 7.789221153361287725e+04
2.580000000000000000e+02 7.789221215479620150e+04
2.590000000000000000e+02 7.789221165791155363e+04
2.600000000000000000e+02 7.701537183573360380e+04
2.610000000000000000e+02 7.701537234121747315e+04
2.620000000000000000e+02 7.701537187780713430e+04
2.630000000000000000e+02 7.701537187780713430e+04
2.640000000000000000e+02 7.701537105441308813e+04
2.650000000000000000e+02 7.701537183886329876e+04
2.660000000000000000e+02 7.701537183886329876e+04
2.670000000000000000e+02 7.701537083568303206e+04
2.680000000000000000e+02 7.701537231859349413e+04
2.690000000000000000e+02 7.701537186623034358e+04
2.700000000000000000e+02 7.701537177265842911e+04
2.710000000000000000e+02 7.701537239572145336e+04
2.720000000000000000e+02 7.701537185049930122e+04
2.730000000000000000e+02 7.534097008369899413e+04
2.740000000000000000e+02 7.534097000221160124e+04
2.750000000000000000e+02 7.534097011855541496e+04
2.760000000000000000e+02 7.534097011855541496e+04
2.770000000000000000e+02 7.534096933505452762e+04
2.780000000000000000e+02 7.534097008978381928e+04
2.790000000000000000e+02 7.534097008978381928e+04
2.800000000000000000e+02 7.534096936894147075e+04
2.810000000000000000e+02 7.534097038103194791e+04
2.820000000000000000e+02 7.534097011401936470e+04
2.830000000000000000e+02 7.534097012705245288e+04
2.840000000000000000e+02 7.534097039988427423e+04
2.850000000000000000e+02 7.534097009864482970e+04
2.860000000000000000e+02 7.274712441632527043e+04
2.870000000000000000e+02 7.274712431946398283e+04
2.880000000000000000e+02 7.274712444043271535e+04
2.890000000000000000e+02 7.274712444043271535e+04
2.900000000000000000e+02 7.274712388039397774e+04
2.910000000000000000e+02 7.274712442446486966e+04
2.920000000000000000e+02 7.274712442446486966e+04
2.930000000000000000e+02 7.274712383156685974e+04
2.940000000000000000e+02 7.274712439099051699e+04
2.950000000000000000e+02 7.274712444521377620e+04
2.960000000000000000e+02 7.274712429953894753e+04
2.970000000000000000e+02 7.274712434638167906e+04
2.980000000000000000e+02 7.274712443134680507e+04
2.990000000000000000e+02 6.750519632993645791e+04
3.000000000000000000e+02 6.750519619473324565e+04
3.010000000000000000e+02 6.750519634835470060e+04
3.020000000000000000e+02 6.750519634835468605e+04
3.030000000000000000e+02 6.750519586125777278e+04
3.040000000000000000e+02 6.750519633661321132e+04
3.050000000000000000e+02 6.750519633661321132e+04
3.060000000000000000e+02 6.750519583066279301e+04
3.070000000000000000e+02 6.750519619240277098e+04
3.080000000000000000e+02 6.750519635330908932e+04
3.090000000000000000e+02 6.750519752205869008e+04
3.100000000000000000e+02 6.750519623675974435e+04
3.110000000000000000e+02 6.750519634325469087e+04
3.120000000000000000e+02 5.036335972390664392e+04
3.130000000000000000e+02 5.036335955948349147e+04
3.140000000000000000e+02 5.036335971810216870e+04
3.150000000000000000e+02 5.036335971810216142e+04
3.160000000000000000e+02 5.036335942477933713e+04
3.170000000000000000e+02 5.036335972837390727e+04
3.180000000000000000e+02 5.036335972837390727e+04
3.190000000000000000e+02 5.036335939675672125e+04
3.200000000000000000e+02 5.036335926085821848e+04
3.210000000000000000e+02 5.036335973262829066e+04
3.220000000000000000e+02 5.036336056038750394e+04
3.230000000000000000e+02 5.036335947105361993e+04
3.240000000000000000e+02 5.036335973548877519e+04
3.250000000000000000e+02 4.385196639199757919e+04
3.260000000000000000e+02 4.385196626482311694e+04
3.270000000000000000e+02 4.385196636867102643e+04
3.280000000000000000e+02 4.385196636867102643e+04
3.290000000000000000e+02 4.385196638754806190e+04
3.300000000000000000e+02 4.385196639210131252e+04
3.310000000000000000e+02 4.385196639210131252e+04
3.320000000000000000e+02 4.385196637295632536e+04
3.330000000000000000e+02 4.385196692517962219e+04
3.340000000000000000e+02 4.385196635734937445e+04
3.350000000000000000e+02 4.385196621599579521e+04
3.360000000000000000e+02 4.385196626416464278e+04
3.370000000000000000e+02 4.385196638647348300e+04
3.380000000000000000e+02 4.074557502384107647e+04
3.390000000000000000e+02 4.074557478062096925e+04
3.400000000000000000e+02 4.074557502554923849e+04
3.410000000000000000e+02 4.074557502554923849e+04
3.420000000000000000e+02 4.074557502293966536e+04
3.430000000000000000e+02 4.074557502401306556e+04
3.440000000000000000e+02 4.074557502401306556e+04
3.450000000000000000e+02 4.074557501830822730e+04
3.460000000000000000e+02 4.074557527419808321e+04
3.470000000000000000e+02 4.074557500356898527e+04
3.480000000000000000e+02 4.074557497138895997e+04
3.490000000000000000e+02 4.074557521891295619e+04
3.500000000000000000e+02 4.074557501870201668e+04
3.510000000000000000e+02 3.999554662571856170e+04
3.520000000000000000e+02 3.999554639690963086e+04
3.530000000000000000e+02 3.999554663128731772e+04
3.540000000000000000e+02 3.999554663128731772e+04
3.550000000000000000e+02 3.999554662471881602e+04
3.560000000000000000e+02 3.999554662592782552e+04
3.570000000000000000e+02 3.999554662592782552e+04
3.580000000000000000e+02 3.999554661925059190e+04
3.590000000000000000e+02 3.999554641079877183e+04
3.600000000000000000e+02 3.999554662133501552e+04
3.610000000000000000e+02 3.999554678586730006e+04
3.620000000000000000e+02 3.999554679254246003e+04
3.630000000000000000e+02 3.999554662623250624e+04
3.640000000000000000e+02 3.938594678615473094e+04
3.650000000000000000e+02 3.938594655458399211e+04
3.660000000000000000e+02 3.938594678797322558e+04
3.670000000000000000e+02 3.938594678797321831e+04
3.680000000000000000e+02 3.938594678528483200e+04
3.690000000000000000e+02 3.938594678619739716e+04
3.700000000000000000e+02 3.938594678619739716e+04
3.710000000000000000e+02 3.938594677941432019e+04
3.720000000000000000e+02 3.938594670016891905e+04
3.730000000000000000e+02 3.938594678102347098e+04
3.740000000000000000e+02 3.938594690400624677e+04
3.750000000000000000e+02 3.938594684464242891e+04
3.760000000000000000e+02 3.938594678760165698e+04
3.770000000000000000e+02 3.863901831686976220e+04
3.780000000000000000e+02 3.863901818620276754e+04
3.790000000000000000e+02 3.863901830672510550e+04
3.800000000000000000e+02 3.863901830672510550e+04
3.810000000000000000e+02 3.863901831316512835e+04
3.820000000000000000e+02 3.863901831664743804e+04
3.830000000000000000e+02 3.863901831664743804e+04
3.840000000000000000e+02 3.863901830127891299e+04
3.850000000000000000e+02 3.863901833092032030e+04
3.860000000000000000e+02 3.863901831837325153e+04
3.870000000000000000e+02 3.863901825258898316e+04
3.880000000000000000e+02 3.863901786531547987e+04
3.890000000000000000e+02 3.863901832450350048e+04
3.900000000000000000e+02 3.809874969636557216e+04
3.910000000000000000e+02 3.809874957105422072e+04
3.920000000000000000e+02 3.809874969869691995e+04
3.930000000000000000e+02 3.809874969869692723e+04
3.940000000000000000e+02 3.809874969500178850e+04
3.950000000000000000e+02 3.809874969634489389e+04
3.960000000000000000e+02 3.809874969634489389e+04
3.970000000000000000e+02 3.809874968571634236e+04
3.980000000000000000e+02 3.809874973781454901e+04
3.990000000000000000e+02 3.809874969916629925e+04
4.000000000000000000e+02 3.809874956198671134e+04
4.010000000000000000e+02 3.809874956783946254e+04
4.020000000000000000e+02 3.809874970126995322e+04
4.030000000000000000e+02 4.423448407222832611e+04
4.040000000000000000e+02 4.423448420710428036e+04
4.050000000000000000e+02 4.423448408607456804e+04
4.060000000000000000e+02 4.423448408607456804e+04
4.070000000000000000e+02 4.423448406673120917e+04
4.080000000000000000e+02 4.423448407172971201e+04
4.090000000000000000e+02 4.423448407172971201e+04
4.100000000000000000e+02 4.423448405378093594e+04
4.110000000000000000e+02 4.423448411452513392e+04
4.120000000000000000e+02 4.423448408048119745e+04
4.130000000000000000e+02 4.423448393661512819e+04
4.140000000000000000e+02 4.423448442543423153e+04
4.150000000000000000e+02 4.423448407311204937e+04
4.160000000000000000e+02 3.808818489432596107e+04
4.170000000000000000e+02 3.808818477204202645e+04
4.180000000000000000e+02 3.808818489683901862e+04
4.190000000000000000e+02 3.808818489683901134e+04
4.200000000000000000e+02 3.808818489296569169e+04
4.210000000000000000e+02 3.808818489430639602e+04
4.220000000000000000e+02 3.808818489430639602e+04
4.230000000000000000e+02 3.808818488365990925e+04
4.240000000000000000e+02 3.808818493645550916e+04
4.250000000000000000e+02 3.808818489723541279e+04
4.260000000000000000e+02 3.808818476006155106e+04
4.270000000000000000e+02 3.808818476922335685e+04
4.280000000000000000e+02 3.808818489921545552e+04
4.290000000000000000e+02 3.798951886346632091e+04
4.300000000000000000e+02 3.798951905102256569e+04
4.310000000000000000e+02 3.798951887165548396e+04
4.320000000000000000e+02 3.798951887165548396e+04
4.330000000000000000e+02 3.798951886156437831e+04
4.340000000000000000e+02 3.798951886357586773e+04
4.350000000000000000e+02 3.798951886357586773e+04
4.360000000000000000e+02 3.798951885133111500e+04
4.370000000000000000e+02 3.798951896854561346e+04
4.380000000000000000e+02 3.798951887000921852e+04
4.390000000000000000e+02 3.798951876684729359e+04
4.400000000000000000e+02 3.798951887160329352e+04
4.410000000000000000e+02 3.798951886736899178e+04
4.420000000000000000e+02 3.798815400661139574e+04
4.430000000000000000e+02 3.798815393747539929e+04
4.440000000000000000e+02 3.798815401098395523e+04
4.450000000000000000e+02 3.798815401098395523e+04
4.460000000000000000e+02 3.798815400495626818e+04
4.470000000000000000e+02 3.798815400668782240e+04
4.480000000000000000e+02 3.798815400668782240e+04
4.490000000000000000e+02 3.798815399518905906e+04
4.500000000000000000e+02 3.798815405919270415e+04
4.510000000000000000e+02 3.798815401071304950e+04
4.520000000000000000e+02 3.798815387665160233e+04
4.530000000000000000e+02 3.798815392488190992e+04
4.540000000000000000e+02 3.798815401111637766e+04
4.550000000000000000e+02 3.797979567863967532e+04
4.560000000000000000e+02 3.797979584735388926e+04
4.570000000000000000e+02 3.797979568737373484e+04
4.580000000000000000e+02 3.797979568737373484e+04
4.590000000000000000e+02 3.797979567471125483e+04
4.600000000000000000e+02 3.797979567801696976e+04
4.610000000000000000e+02 3.797979567801696976e+04
4.620000000000000000e+02 3.797979566335481650e+04
4.630000000000000000e+02 3.797979557730714441e+04
4.640000000000000000e+02 3.797979568517162988e+04
4.650000000000000000e+02 3.797979566286439513e+04
4.660000000000000000e+02 3.797979578132311144e+04
4.670000000000000000e+02 3.797979568138038303e+04
4.680000000000000000e+02 3.792478494778271124e+04
4.690000000000000000e+02 3.792478492090132204e+04
4.700000000000000000e+02 3.792478495406140428e+04
4.710000000000000000e+02 3.792478495406140428e+04
4.720000000000000000e+02 3.792478494585058797e+04
4.730000000000000000e+02 3.792478494791181583e+04
4.740000000000000000e+02 3.792478494791181583e+04
4.750000000000000000e+02 3.792478493591711594e+04
4.760000000000000000e+02 3.792478494732240506e+04
4.770000000000000000e+02 3.792478495292286971e+04
4.780000000000000000e+02 3.792478488562766870e+04
4.790000000000000000e+02 3.792478492712289881e+04
4.800000000000000000e+02 3.792478495189403475e+04
4.810000000000000000e+02 3.790333356211909268e+04
4.820000000000000000e+02 3.790333357261091442e+04
4.830000000000000000e+02 3.790333356916280172e+04
4.840000000000000000e+02 3.790333356916280172e+04
4.850000000000000000e+02 3.790333356053852913e+04
4.860000000000000000e+02 3.790333356218672270e+04
4.870000000000000000e+02 3.790333356218672270e+04
4.880000000000000000e+02 3.790333355096746527e+04
4.890000000000000000e+02 3.790333356601090782e+04
4.900000000000000000e+02 3.790333356701334560e+04
4.910000000000000000e+02 3.790333354939468700e+04
4.920000000000000000e+02 3.790333358388103807e+04
4.930000000000000000e+02 3.790333356585784350e+04
4.940000000000000000e+02 3.789672077944355260e+04
4.950000000000000000e+02 3.789672074414486269e+04
4.960000000000000000e+02 3.789672078578201763e+04
4.970000000000000000e+02 3.789672078578201763e+04
4.980000000000000000e+02 3.789672077831551724e+04
4.990000000000000000e+02 3.789672077958437876e+04
5.000000000000000000e+02 3.789672077958437876e+04
5.010000000000000000e+02 3.789672076943680440e+04
5.020000000000000000e+02 3.789672075319208670e+04
5.030000000000000000e+02 3.789672078305735340e+04
5.040000000000000000e+02 3.789672090231801849e+04
5.050000000000000000e+02 3.789672082234456320e+04
5.060000000000000000e+02 3.789672078253984364e+04
5.070000000000000000e+02 3.787360118391017750e+04
5.080000000000000000e+02 3.787360118821518699e+04
5.090000000000000000e+02 3.787360118958488601e+04
5.100000000000000000e+02 3.787360118958488601e+04
5.110000000000000000e+02 3.787360118308074016e+04
5.120000000000000000e+02 3.787360118402344960e+04
5.130000000000000000e+02 3.787360118402344960e+04
5.140000000000000000e+02 3.787360117446335789e+04
5.150000000000000000e+02 3.787360119034594391e+04
5.160000000000000000e+02 3.787360118704687920e+04
5.170000000000000000e+02 3.787360127189973718e+04
5.180000000000000000e+02 3.787360121976544906e+04
5.190000000000000000e+02 3.787360118693808909e+04
5.200000000000000000e+02 3.783472321588634804e+04
5.210000000000000000e+02 3.783472330457879434e+04
5.220000000000000000e+02 3.783472321840062068e+04
5.230000000000000000e+02 3.783472321840062068e+04
5.240000000000000000e+02 3.783472321530002955e+04
5.250000000000000000e+02 3.783472321571481734e+04
5.260000000000000000e+02 3.783472321571481734e+04
5.270000000000000000e+02 3.783472320732037770e+04
5.280000000000000000e+02 3.783472320949231653e+04
5.290000000000000000e+02 3.783472321668315271e+04
5.300000000000000000e+02 3.783472319760952814e+04
5.310000000000000000e+02 3.783472325101961906e+04
5.320000000000000000e+02 3.783472321823419043e+04
5.330000000000000000e+02 3.777379506410277827e+04
5.340000000000000000e+02 3.777379510460440360e+04
5.350000000000000000e+02 3.777379506129395304e+04
5.360000000000000000e+02 3.777379506129395304e+04
5.370000000000000000e+02 3.777379506354979821e+04
5.380000000000000000e+02 3.777379506394832424e+04
5.390000000000000000e+02 3.777379506394832424e+04
5.400000000000000000e+02 3.777379505623142904e+04
5.410000000000000000e+02 3.777379506611364923e+04
5.420000000000000000e+02 3.777379505960076494e+04
5.430000000000000000e+02 3.777379502337033773e+04
5.440000000000000000e+02 3.777379504871990503e+04
5.450000000000000000e+02 3.777379506615315768e+04
5.460000000000000000e+02 3.770066304397220665e+04
5.470000000000000000e+02 3.770066305802243733e+04
5.480000000000000000e+02 3.770066302687850111e+04
5.490000000000000000e+02 3.770066302687850111e+04
5.500000000000000000e+02 3.770066304389839934e+04
5.510000000000000000e+02 3.770066304394587496e+04
5.520000000000000000e+02 3.770066304394587496e+04
5.530000000000000000e+02 3.770066303986575804e+04
5.540000000000000000e+02 3.770066304489799950e+04
5.550000000000000000e+02 3.770066302400423592e+04
5.560000000000000000e+02 3.770066296429904469e+04
5.570000000000000000e+02 3.770066300509173743e+04
5.580000000000000000e+02 3.770066304326195677e+04
5.590000000000000000e+02 3.766283568489637400e+04
5.600000000000000000e+02 3.766283567523907550e+04
5.610000000000000000e+02 3.766283567306886835e+04
5.620000000000000000e+02 3.766283567306888290e+04
5.630000000000000000e+02 3.766283568486179138e+04
5.640000000000000000e+02 3.766283568489267054e+04
5.650000000000000000e+02 3.766283568489267054e+04
5.660000000000000000e+02 3.766283568191059749e+04
5.670000000000000000e+02 3.766283566673494352e+04
5.680000000000000000e+02 3.766283566902956954e+04
5.690000000000000000e+02 3.766283562091818021e+04
5.700000000000000000e+02 3.766283570339465950e+04
5.710000000000000000e+02 3.766283568308896793e+04
5.720000000000000000e+02 3.763428432091131981e+04
5.730000000000000000e+02 3.763428432446349325e+04
5.740000000000000000e+02 3.763428431590869150e+04
5.750000000000000000e+02 3.763428431590869150e+04
5.760000000000000000e+02 3.763428432091131981e+04
5.770000000000000000e+02 3.763428432091131981e+04
5.780000000000000000e+02 3.763428432091131981e+04
5.790000000000000000e+02 3.763428432091131981e+04
5.800000000000000000e+02 3.763428433171418146e+04
5.810000000000000000e+02 3.763428431201321655e+04
5.820000000000000000e+02 3.763428433293662965e+04
5.830000000000000000e+02 3.763428436953238270e+04
5.840000000000000000e+02 3.763428431826444285e+04
5.850000000000000000e+02 3.762417428365817614e+04
5.860000000000000000e+02 3.762417428299040330e+04
5.870000000000000000e+02 3.762417428309661045e+04
5.880000000000000000e+02 3.762417428309661045e+04
5.890000000000000000e+02 3.762417428365817614e+04
5.900000000000000000e+02 3.762417428365817614e+04
5.910000000000000000e+02 3.762417428365817614e+04
5.920000000000000000e+02 3.762417428365817614e+04
5.930000000000000000e+02 3.762417428137272509e+04
5.940000000000000000e+02 3.762417428097681113e+04
5.950000000000000000e+02 3.762417432193248533e+04
5.960000000000000000e+02 3.762417430373893876e+04
5.970000000000000000e+02 3.762417428258676955e+04
5.980000000000000000e+02 3.762154296521863580e+04
5.990000000000000000e+02 3.762154296398907900e+04
6.000000000000000000e+02 3.762154296565449476e+04
6.010000000000000000e+02 3.762154296565449476e+04
6.020000000000000000e+02 3.762154296521863580e+04
6.030000000000000000e+02 3.762154296521863580e+04
6.040000000000000000e+02 3.762154296521863580e+04
6.050000000000000000e+02 3.762154296521863580e+04
6.060000000000000000e+02 3.762154296356761915e+04
6.070000000000000000e+02 3.762154296411028918e+04
6.080000000000000000e+02 3.762154297379511263e+04
6.090000000000000000e+02 3.762154296732589864e+04
6.100000000000000000e+02 3.762154296487967804e+04
6.110000000000000000e+02 3.762143226895920088e+04
6.120000000000000000e+02 3.762143226850128849e+04
6.130000000000000000e+02 3.762143226953535486e+04
6.140000000000000000e+02 3.762143226953535486e+04
6.150000000000000000e+02 3.762143226895920088e+04
6.160000000000000000e+02 3.762143226895920088e+04
6.170000000000000000e+02 3.762143226895920088e+04
6.180000000000000000e+02 3.762143226895920088e+04
6.190000000000000000e+02 3.762143226864222379e+04
6.200000000000000000e+02 3.762143226804522419e+04
6.210000000000000000e+02 3.762143227018636389e+04
6.220000000000000000e+02 3.762143226855996909e+04
6.230000000000000000e+02 3.762143226872327796e+04
6.240000000000000000e+02 3.762142374277605268e+04
6.250000000000000000e+02 3.762142374268866843e+04
6.260000000000000000e+02 3.762142374336141074e+04
6.270000000000000000e+02 3.762142374336140347e+04
6.280000000000000000e+02 3.762142374277605268e+04
6.290000000000000000e+02 3.762142374277605268e+04
6.300000000000000000e+02 3.762142374277605268e+04
6.310000000000000000e+02 3.762142374277605268e+04
6.320000000000000000e+02 3.762142374276927148e+04
6.330000000000000000e+02 3.762142374186390953e+04
6.340000000000000000e+02 3.762142374258956261e+04
6.350000000000000000e+02 3.762142374249985005e+04
6.360000000000000000e+02 3.762142374253724847e+04
6.370000000000000000e+02 3.762141059753461013e+04
6.380000000000000000e+02 3.762141059805206169e+04
6.390000000000000000e+02 3.762141059813175525e+04
6.400000000000000000e+02 3.762141059813175525e+04
6.410000000000000000e+02 3.762141059753461013e+04
6.420000000000000000e+02 3.762141059753461013e+04
6.430000000000000000e+02 3.762141059753461013e+04
6.440000000000000000e+02 3.762141059753461013e+04
6.450000000000000000e+02 3.762141059789802966e+04
6.460000000000000000e+02 3.762141059662757471e+04
6.470000000000000000e+02 3.762141059582799789e+04
6.480000000000000000e+02 3.762141059758205665e+04
6.490000000000000000e+02 3.762141059728230175e+04
6.500000000000000000e+02 3.762138159172862652e+04
6.510000000000000000e+02 3.762138159320021077e+04
6.520000000000000000e+02 3.762138159233850456e+04
6.530000000000000000e+02 3.762138159233850456e+04
6.540000000000000000e+02 3.762138159172862652e+04
6.550000000000000000e+02 3.762138159172862652e+04
6.560000000000000000e+02 3.762138159172862652e+04
6.570000000000000000e+02 3.762138159172862652e+04
6.580000000000000000e+02 3.762138159254402854e+04
6.590000000000000000e+02 3.762138159083711798e+04
6.600000000000000000e+02 3.762138158801393001e+04
6.610000000000000000e+02 3.762138159227235883e+04
6.620000000000000000e+02 3.762138159144481324e+04
6.630000000000000000e+02 3.762130875700843171e+04
6.640000000000000000e+02 3.762130875997515977e+04
6.650000000000000000e+02 3.762130875761554489e+04
6.660000000000000000e+02 3.762130875761554489e+04
6.670000000000000000e+02 3.762130875700843171e+04
6.680000000000000000e+02 3.762130875700843171e+04
6.690000000000000000e+02 3.762130875700843171e+04
6.700000000000000000e+02 3.762130875700843171e+04
6.710000000000000000e+02 3.762130875836445921e+04
6.720000000000000000e+02 3.762130875615349942e+04
6.730000000000000000e+02 3.762130875030387688e+04
6.740000000000000000e+02 3.762130875810409634e+04
6.750000000000000000e+02 3.762130875665091298e+04
6.760000000000000000e+02 3.762115002820347581e+04
6.770000000000000000e+02 3.762115003283291298e+04
6.780000000000000000e+02 3.762115002877953521e+04
6.790000000000000000e+02 3.762115002877953521e+04
6.800000000000000000e+02 3.762115002820347581e+04
6.810000000000000000e+02 3.762115002820347581e+04
6.820000000000000000e+02 3.762115002820347581e+04
6.830000000000000000e+02 3.762115002820347581e+04
6.840000000000000000e+02 3.762115003008061467e+04
6.850000000000000000e+02 3.762115002743998048e+04
6.860000000000000000e+02 3.762115001795422722e+04
6.870000000000000000e+02 3.762115002986950276e+04
6.880000000000000000e+02 3.762115002768375416e+04
6.890000000000000000e+02 3.762087940353805607e+04
6.900000000000000000e+02 3.762087940885328862e+04
6.910000000000000000e+02 3.762087940401394007e+04
6.920000000000000000e+02 3.762087940401393280e+04
6.930000000000000000e+02 3.762087940353805607e+04
6.940000000000000000e+02 3.762087940353805607e+04
6.950000000000000000e+02 3.762087940353805607e+04
6.960000000000000000e+02 3.762087940353805607e+04
6.970000000000000000e+02 3.762087940583127784e+04
6.980000000000000000e+02 3.762087940294344298e+04
6.990000000000000000e+02 3.762087939103649842e+04
7.000000000000000000e+02 3.762087940517935931e+04
7.010000000000000000e+02 3.762087940273791901e+04
7.020000000000000000e+02 3.762057521658312908e+04
7.030000000000000000e+02 3.762057522299990524e+04
7.040000000000000000e+02 3.762057521713388269e+04
7.050000000000000000e+02 3.762057521713388996e+04
7.060000000000000000e+02 3.762057521658312908e+04
7.070000000000000000e+02 3.762057521658312908e+04
7.080000000000000000e+02 3.762057521658312908e+04
7.090000000000000000e+02 3.762057521658312908e+04
7.100000000000000000e+02 3.762057521865199669e+04
7.110000000000000000e+02 3.762057521645261295e+04
7.120000000000000000e+02 3.762057520726836810e+04
7.130000000000000000e+02 3.762057521967920184e+04
7.140000000000000000e+02 3.762057521548943623e+04
7.150000000000000000e+02 3.762097203120521590e+04
7.160000000000000000e+02 3.762097201904367103e+04
7.170000000000000000e+02 3.762097203100488696e+04
7.180000000000000000e+02 3.762097203100489423e+04
7.190000000000000000e+02 3.762097203120521590e+04
7.200000000000000000e+02 3.762097203120521590e+04
7.210000000000000000e+02 3.762097203120521590e+04
7.220000000000000000e+02 3.762097203120521590e+04
7.230000000000000000e+02 3.762097202799143997e+04
7.240000000000000000e+02 3.762097203078167513e+04
7.250000000000000000e+02 3.762097202061307325e+04
7.260000000000000000e+02 3.762097202206697693e+04
7.270000000000000000e+02 3.762097202999483125e+04
7.280000000000000000e+02 3.762045363955734501e+04
7.290000000000000000e+02 3.762045363960000395e+04
7.300000000000000000e+02 3.762045363986059965e+04
7.310000000000000000e+02 3.762045363986059965e+04
7.320000000000000000e+02 3.762045363955734501e+04
7.330000000000000000e+02 3.762045363955734501e+04
7.340000000000000000e+02 3.762045363955734501e+04
7.350000000000000000e+02 3.762045363955734501e+04
7.360000000000000000e+02 3.762045363979639660e+04
7.370000000000000000e+02 3.762045363933583576e+04
7.380000000000000000e+02 3.762045362997883058e+04
7.390000000000000000e+02 3.762045363865706167e+04
7.400000000000000000e+02 3.762045363842757797e+04
7.410000000000000000e+02 3.762029662706365343e+04
7.420000000000000000e+02 3.762029662712745630e+04
7.430000000000000000e+02 3.762029662733075384e+04
7.440000000000000000e+02 3.762029662733075384e+04
7.450000000000000000e+02 3.762029662706365343e+04
7.460000000000000000e+02 3.762029662706365343e+04
7.470000000000000000e+02 3.762029662706365343e+04
7.480000000000000000e+02 3.762029662706365343e+04
7.490000000000000000e+02 3.762029662726382230e+04
7.500000000000000000e+02 3.762029662695005391e+04
7.510000000000000000e+02 3.762029662469639152e+04
7.520000000000000000e+02 3.762029662712980644e+04
7.530000000000000000e+02 3.762029662587417261e+04
7.540000000000000000e+02 3.762025278309141140e+04
7.550000000000000000e+02 3.762025278213146521e+04
7.560000000000000000e+02 3.762025278333455208e+04
7.570000000000000000e+02 3.762025278333455208e+04
7.580000000000000000e+02 3.762025278309141140e+04
7.590000000000000000e+02 3.762025278309141140e+04
7.600000000000000000e+02 3.762025278309141140e+04
7.610000000000000000e+02 3.762025278309141140e+04
7.620000000000000000e+02 3.762025278281727515e+04
7.630000000000000000e+02 3.762025278295604949e+04
7.640000000000000000e+02 3.762025278520065331e+04
7.650000000000000000e+02 3.762025278282683576e+04
7.660000000000000000e+02 3.762025278198214801e+04
7.670000000000000000e+02 3.762023799648640124e+04
7.680000000000000000e+02 3.762023799514762504e+04
7.690000000000000000e+02 3.762023799672282621e+04
7.700000000000000000e+02 3.762023799672282621e+04
7.710000000000000000e+02 3.762023799648640124e+04
7.720000000000000000e+02 3.762023799648640124e+04
7.730000000000000000e+02 3.762023799648640124e+04
7.740000000000000000e+02 3.762023799648640124e+04
7.750000000000000000e+02 3.762023799602202052e+04
7.760000000000000000e+02 3.762023799633244926e+04
7.770000000000000000e+02 3.762023799948971282e+04
7.780000000000000000e+02 3.762023799600050552e+04
7.790000000000000000e+02 3.762023799542763300e+04
7.800000000000000000e+02 3.762017335889386595e+04
7.810000000000000000e+02 3.762017335658450611e+04
7.820000000000000000e+02 3.762017335910216934e+04
7.830000000000000000e+02 3.762017335910216934e+04
7.840000000000000000e+02 3.762017335889386595e+04
7.850000000000000000e+02 3.762017335889386595e+04
7.860000000000000000e+02 3.762017335889386595e+04
7.870000000000000000e+02 3.762017335889386595e+04
7.880000000000000000e+02 3.762017335792005179e+04
7.890000000000000000e+02 3.762017335869771341e+04
7.900000000000000000e+02 3.762017336403673835e+04
7.910000000000000000e+02 3.762017335771787475e+04
7.920000000000000000e+02 3.762017335803323658e+04
7.930000000000000000e+02 3.762005948568896565e+04
7.940000000000000000e+02 3.762005948264079052e+04
7.950000000000000000e+02 3.762005948584924772e+04
7.960000000000000000e+02 3.762005948584924772e+04
7.970000000000000000e+02 3.762005948568896565e+04
7.980000000000000000e+02 3.762005948568896565e+04
7.990000000000000000e+02 3.762005948568896565e+04
8.000000000000000000e+02 3.762005948568896565e+04
8.010000000000000000e+02 3.762005948435285245e+04
8.020000000000000000e+02 3.762005948547658045e+04
8.030000000000000000e+02 3.762005949245564261e+04
8.040000000000000000e+02 3.762005948398901819e+04
8.050000000000000000e+02 3.762005948513393378e+04
8.060000000000000000e+02 3.761987561094768898e+04
8.070000000000000000e+02 3.761987560827668494e+04
8.080000000000000000e+02 3.761987561101867323e+04
8.090000000000000000e+02 3.761987561101867323e+04
8.100000000000000000e+02 3.761987561094768898e+04
8.110000000000000000e+02 3.761987561094768898e+04
8.120000000000000000e+02 3.761987561094768898e+04
8.130000000000000000e+02 3.761987561094768898e+04
8.140000000000000000e+02 3.761987561004986492e+04
8.150000000000000000e+02 3.761987561080871092e+04
8.160000000000000000e+02 3.761987561767702573e+04
8.170000000000000000e+02 3.761987560982957075e+04
8.180000000000000000e+02 3.761987561081176682e+04
8.190000000000000000e+02 3.762114396734460024e+04
8.200000000000000000e+02 3.762114397724244191e+04
8.210000000000000000e+02 3.762114396685993415e+04
8.220000000000000000e+02 3.762114396685993415e+04
8.230000000000000000e+02 3.762114396734460024e+04
8.240000000000000000e+02 3.762114396734460024e+04
8.250000000000000000e+02 3.762114396734460024e+04
8.260000000000000000e+02 3.762114396734460024e+04
8.270000000000000000e+02 3.762114395358129696e+04
8.280000000000000000e+02 3.762114396779389062e+04
8.290000000000000000e+02 3.762114397025469952e+04
8.300000000000000000e+02 3.762114395326325757e+04
8.310000000000000000e+02 3.762114396765749552e+04
8.320000000000000000e+02 3.761986324796672852e+04
8.330000000000000000e+02 3.761986324627667636e+04
8.340000000000000000e+02 3.761986324799343129e+04
8.350000000000000000e+02 3.761986324799343129e+04
8.360000000000000000e+02 3.761986324796672852e+04
8.370000000000000000e+02 3.761986324796672852e+04
8.380000000000000000e+02 3.761986324796672852e+04
8.390000000000000000e+02 3.761986324796672852e+04
8.400000000000000000e+02 3.761986324589013384e+04
8.410000000000000000e+02 3.761986324788392812e+04
8.420000000000000000e+02 3.761986325431211299e+04
8.430000000000000000e+02 3.761986324568362033e+04
8.440000000000000000e+02 3.761986324787347257e+04
8.450000000000000000e+02 3.761977617022748018e+04
8.460000000000000000e+02 3.761977616953366669e+04
8.470000000000000000e+02 3.761977617021228798e+04
8.480000000000000000e+02 3.761977617021228798e+04
8.490000000000000000e+02 3.761977617022748018e+04
8.500000000000000000e+02 3.761977617022748018e+04
8.510000000000000000e+02 3.761977617022748018e+04
8.520000000000000000e+02 3.761977617022748018e+04
8.530000000000000000e+02 3.761977616957585269e+04
8.540000000000000000e+02 3.761977617020054458e+04
8.550000000000000000e+02 3.761977617320766149e+04
8.560000000000000000e+02 3.761977616960992600e+04
8.570000000000000000e+02 3.761977617030210240e+04
8.580000000000000000e+02 3.761976142286367394e+04
8.590000000000000000e+02 3.761976142270481796e+04
8.600000000000000000e+02 3.761976142284580419e+04
8.610000000000000000e+02 3.761976142284580419e+04
8.620000000000000000e+02 3.761976142286367394e+04
8.630000000000000000e+02 3.761976142286367394e+04
8.640000000000000000e+02 3.761976142286367394e+04
8.650000000000000000e+02 3.761976142286367394e+04
8.660000000000000000e+02 3.761976142279306805e+04
8.670000000000000000e+02 3.761976142284845264e+04
8.680000000000000000e+02 3.761976142343362153e+04
8.690000000000000000e+02 3.761976142277612962e+04
8.700000000000000000e+02 3.761976142290365533e+04
8.710000000000000000e+02 3.761976045409274229e+04
8.720000000000000000e+02 3.761976045409613289e+04
8.730000000000000000e+02 3.761976045408075879e+04
8.740000000000000000e+02 3.761976045408076607e+04
8.750000000000000000e+02 3.761976045409274229e+04
8.760000000000000000e+02 3.761976045409274229e+04
8.770000000000000000e+02 3.761976045409274229e+04
8.780000000000000000e+02 3.761976045409274229e+04
8.790000000000000000e+02 3.761976045409779908e+04
8.800000000000000000e+02 3.761976045407988568e+04
8.810000000000000000e+02 3.761976045409787184e+04
8.820000000000000000e+02 3.761976045409098879e+04
8.830000000000000000e+02 3.761976045409699145e+04
8.840000000000000000e+02 3.761976043982255942e+04
8.850000000000000000e+02 3.761976043982973351e+04
8.860000000000000000e+02 3.761976043981214025e+04
8.870000000000000000e+02 3.761976043981214025e+04
8.880000000000000000e+02 3.761976043982255942e+04
8.890000000000000000e+02 3.761976043982255942e+04
8.900000000000000000e+02 3.761976043982255942e+04
8.910000000000000000e+02 3.761976043982255942e+04
8.920000000000000000e+02 3.761976043981951807e+04
8.930000000000000000e+02 3.761976043981077237e+04
8.940000000000000000e+02 3.761976043981928524e+04
8.950000000000000000e+02 3.761976043982253759e+04
8.960000000000000000e+02 3.761976043982130068e+04
